// Header
Version;SJ-210 V.1.100
Date;2026/02/17,13:55:25
Mode;ALL
// Condition
Standard;ISO1997
Profile;R
Filter;GAUSS
Lc;0.8;mm
Ls;2.5;um
N;3
Pre_Length;OFF
Speed;0.5
Range;AUTO
GO/NG;Average
Pitch;0.5;um
// CalcResult
Ra;1.985;um;;
Rq;2.518;um;;
Rz;11.624;um;;
// CalcData
4800
Z
-3.7017
-3.6568
-3.5977
-3.5374
-3.4825
-3.4354
-3.3871
-3.3382
-3.2858
-3.2346
-3.1772
-3.1232
-3.0622
-2.9984
-2.9280
-2.8522
-2.7740
-2.6919
-2.6144
-2.5370
-2.4565
-2.3699
-2.2825
-2.1910
-2.0977
-2.0019
-1.8993
-1.7934
-1.6841
-1.5743
-1.4706
-1.3765
-1.2882
-1.2030
-1.1139
-1.0235
-0.9305
-0.8374
-0.7499
-0.6650
-0.5848
-0.5034
-0.4271
-0.3536
-0.2884
-0.2294
-0.1709
-0.1103
-0.0554
-0.0027
0.0421
0.0752
0.0930
0.0985
0.0933
0.0793
0.0574
0.0312
0.0091
-0.0142
-0.0290
-0.0362
-0.0403
-0.0370
-0.0208
0.0086
0.0457
0.0897
0.1394
0.1909
0.2421
0.2877
0.3320
0.3721
0.4108
0.4457
0.4814
0.5159
0.5533
0.5931
0.6339
0.6789
0.7226
0.7731
0.8263
0.8751
0.9240
0.9749
1.0327
1.0961
1.1678
1.2470
1.3279
1.4113
1.5029
1.5922
1.6811
1.7688
1.8537
1.9405
2.0282
2.1147
2.1974
2.2777
2.3585
2.4404
2.5122
2.5762
2.6319
2.6806
2.7250
2.7636
2.7948
2.8132
2.8200
2.8125
2.7854
2.7456
2.6984
2.6483
2.5976
2.5439
2.4860
2.4204
2.3462
2.2641
2.1851
2.1094
2.0378
1.9728
1.9126
1.8472
1.7780
1.7005
1.6228
1.5496
1.4819
1.4207
1.3721
1.3374
1.3189
1.3216
1.3415
1.3737
1.4223
1.4893
1.5696
1.6575
1.7539
1.8522
1.9524
2.0536
2.1523
2.2477
2.3409
2.4367
2.5281
2.6139
2.6969
2.7752
2.8547
2.9365
3.0175
3.1006
3.1806
3.2608
3.3367
3.4054
3.4671
3.5285
3.5860
3.6433
3.6905
3.7308
3.7686
3.8029
3.8318
3.8603
3.8844
3.9052
3.9202
3.9231
3.9175
3.9068
3.8917
3.8782
3.8726
3.8769
3.8856
3.8927
3.8991
3.9028
3.9064
3.9019
3.8974
3.8880
3.8720
3.8506
3.8229
3.7960
3.7782
3.7782
3.7852
3.7983
3.8231
3.8554
3.8921
3.9401
4.0015
4.0730
4.1478
4.2239
4.2961
4.3649
4.4299
4.4858
4.5348
4.5837
4.6343
4.6854
4.7404
4.7998
4.8602
4.9112
4.9447
4.9537
4.9299
4.8860
4.8233
4.7559
4.6932
4.6294
4.5593
4.4834
4.4041
4.3144
4.2244
4.1272
4.0010
3.8582
3.6852
3.4924
3.2889
3.0680
2.8425
2.6267
2.4496
2.2882
2.1377
2.0062
1.8909
1.8056
1.7289
1.6507
1.5792
1.5055
1.4157
1.3122
1.1707
0.9884
0.7666
0.5298
0.2909
0.0953
-0.0672
-0.2082
-0.3134
-0.4155
-0.5101
-0.6285
-0.7446
-0.8675
-0.9735
-1.0741
-1.1752
-1.2645
-1.3461
-1.4230
-1.4896
-1.5427
-1.6235
-1.7034
-1.7899
-1.8640
-1.9607
-2.0647
-2.1694
-2.2648
-2.3556
-2.4422
-2.5265
-2.6092
-2.6992
-2.7714
-2.8219
-2.8759
-2.9444
-3.0166
-3.0823
-3.1339
-3.1742
-3.2144
-3.2449
-3.2878
-3.3319
-3.3690
-3.3910
-3.4299
-3.4830
-3.5473
-3.6038
-3.6587
-3.7171
-3.7638
-3.8098
-3.8586
-3.9050
-3.9444
-3.9954
-4.0488
-4.0943
-4.1314
-4.1684
-4.2092
-4.2382
-4.2658
-4.2970
-4.3384
-4.3844
-4.4365
-4.4661
-4.4860
-4.5189
-4.5630
-4.5960
-4.6310
-4.6655
-4.7075
-4.7445
-4.7886
-4.8343
-4.8626
-4.8928
-4.9303
-4.9595
-4.9791
-4.9935
-4.9993
-4.9952
-5.0102
-5.0122
-5.0246
-5.0286
-5.0388
-5.0541
-5.0616
-5.0658
-5.0789
-5.1041
-5.1257
-5.1481
-5.1715
-5.1947
-5.2102
-5.2285
-5.2630
-5.3002
-5.3567
-5.4097
-5.4540
-5.5257
-5.6108
-5.6900
-5.7670
-5.8518
-5.9283
-5.9876
-6.0495
-6.1068
-6.1647
-6.2185
-6.2494
-6.2680
-6.2796
-6.2813
-6.2951
-6.3080
-6.3167
-6.3163
-6.3131
-6.2971
-6.2876
-6.2730
-6.2555
-6.2373
-6.2220
-6.1886
-6.1616
-6.1230
-6.0859
-6.0597
-6.0385
-6.0142
-5.9903
-5.9589
-5.9327
-5.9027
-5.8830
-5.8620
-5.8408
-5.8227
-5.8065
-5.7915
-5.7715
-5.7520
-5.7383
-5.7223
-5.6880
-5.6620
-5.6329
-5.5950
-5.5464
-5.5072
-5.4856
-5.4452
-5.4019
-5.3374
-5.2688
-5.2026
-5.1372
-5.0766
-5.0122
-4.9325
-4.8515
-4.7814
-4.7112
-4.6349
-4.5534
-4.4814
-4.3982
-4.3129
-4.2194
-4.1166
-4.0143
-3.8999
-3.7847
-3.6731
-3.5638
-3.4585
-3.3600
-3.2487
-3.1351
-3.0093
-2.8880
-2.7889
-2.6769
-2.5757
-2.4646
-2.3482
-2.2338
-2.1090
-1.9936
-1.8755
-1.7680
-1.6694
-1.5496
-1.4284
-1.3180
-1.1999
-1.0824
-0.9902
-0.8971
-0.8077
-0.7343
-0.6594
-0.5832
-0.4919
-0.4265
-0.3454
-0.2756
-0.2065
-0.1574
-0.0976
-0.0459
-0.0024
0.0438
0.0995
0.1654
0.2427
0.3119
0.3648
0.4232
0.4785
0.5401
0.6177
0.6997
0.7888
0.8930
1.0117
1.1289
1.2444
1.3593
1.4733
1.5836
1.6862
1.8000
1.9172
2.0371
2.1506
2.2701
2.3788
2.4913
2.5978
2.7026
2.8077
2.9036
3.0177
3.1432
3.2702
3.3816
3.5005
3.6288
3.7571
3.8791
3.9726
4.0726
4.1876
4.2908
4.3948
4.4918
4.5738
4.6591
4.7259
4.7936
4.8438
4.8702
4.9070
4.9257
4.9203
4.8787
4.8223
4.7453
4.6520
4.5501
4.4413
4.3571
4.2554
4.1501
4.0534
3.9369
3.8100
3.6760
3.5426
3.4103
3.2847
3.1878
3.1098
3.0381
2.9747
2.9303
2.8787
2.8381
2.7969
2.7533
2.6982
2.6401
2.5769
2.5096
2.4537
2.3867
2.3326
2.2801
2.2322
2.1910
2.1500
2.1058
2.0739
2.0358
1.9893
1.9466
1.8920
1.8298
1.7821
1.7107
1.6420
1.5772
1.5022
1.4284
1.3447
1.2807
1.2246
1.1604
1.0895
1.0133
0.9213
0.8325
0.7521
0.6653
0.5995
0.5233
0.4451
0.3692
0.2941
0.2275
0.1685
0.1023
0.0398
-0.0149
-0.0545
-0.1020
-0.1570
-0.2097
-0.2705
-0.3293
-0.3855
-0.4299
-0.4673
-0.4857
-0.4842
-0.4864
-0.4873
-0.4894
-0.4835
-0.4828
-0.4842
-0.4902
-0.4870
-0.4842
-0.4587
-0.4369
-0.4134
-0.3922
-0.3741
-0.3658
-0.3745
-0.3793
-0.3831
-0.3715
-0.3658
-0.3586
-0.3609
-0.3712
-0.3805
-0.3924
-0.3913
-0.3807
-0.3792
-0.3820
-0.3867
-0.3940
-0.4009
-0.4095
-0.4091
-0.4038
-0.4055
-0.4278
-0.4405
-0.4718
-0.5128
-0.5506
-0.6119
-0.6546
-0.7044
-0.7528
-0.7856
-0.8156
-0.8266
-0.8424
-0.8379
-0.8149
-0.7823
-0.7504
-0.7117
-0.6721
-0.6301
-0.5880
-0.5477
-0.5067
-0.4733
-0.4276
-0.3837
-0.3496
-0.3052
-0.2677
-0.2476
-0.2253
-0.2040
-0.1951
-0.1683
-0.1678
-0.1890
-0.2010
-0.2204
-0.2444
-0.2607
-0.2881
-0.3218
-0.3624
-0.4134
-0.4752
-0.5441
-0.6112
-0.6853
-0.7391
-0.7866
-0.8437
-0.8934
-0.9367
-0.9644
-0.9929
-1.0438
-1.0892
-1.1286
-1.1494
-1.1832
-1.2030
-1.2328
-1.2772
-1.3127
-1.3369
-1.3532
-1.3591
-1.3758
-1.3894
-1.4010
-1.4070
-1.3854
-1.3669
-1.3410
-1.3103
-1.2637
-1.2331
-1.2102
-1.1710
-1.1435
-1.1109
-1.0800
-1.0631
-1.0558
-1.0547
-1.0527
-1.0648
-1.0743
-1.0760
-1.0738
-1.0660
-1.0465
-1.0378
-1.0101
-0.9651
-0.9202
-0.8702
-0.8325
-0.8058
-0.7746
-0.7411
-0.6951
-0.6556
-0.6071
-0.5720
-0.5304
-0.4964
-0.4587
-0.4240
-0.3969
-0.3743
-0.3563
-0.3338
-0.3093
-0.2868
-0.2748
-0.2824
-0.2880
-0.3044
-0.3160
-0.3329
-0.3592
-0.3947
-0.4459
-0.4866
-0.5403
-0.5929
-0.6356
-0.6848
-0.7471
-0.8043
-0.8715
-0.9435
-1.0017
-1.0484
-1.1047
-1.1563
-1.2174
-1.2741
-1.3196
-1.3878
-1.4494
-1.4929
-1.5252
-1.5573
-1.5914
-1.6014
-1.6121
-1.6232
-1.6464
-1.6803
-1.7054
-1.7362
-1.7513
-1.7618
-1.7632
-1.7684
-1.7722
-1.7816
-1.7940
-1.8057
-1.7980
-1.7851
-1.7650
-1.7562
-1.7565
-1.7551
-1.7504
-1.7540
-1.7555
-1.7575
-1.7653
-1.7770
-1.8011
-1.8273
-1.8430
-1.8702
-1.8913
-1.9102
-1.9313
-1.9540
-1.9829
-1.9976
-2.0018
-2.0061
-2.0110
-2.0139
-2.0096
-1.9992
-1.9802
-1.9677
-1.9462
-1.9264
-1.9068
-1.8837
-1.8574
-1.8275
-1.8086
-1.7762
-1.7524
-1.7404
-1.7278
-1.7085
-1.6800
-1.6502
-1.6381
-1.6239
-1.6011
-1.5815
-1.5683
-1.5339
-1.5049
-1.4782
-1.4485
-1.4231
-1.3935
-1.3742
-1.3462
-1.3184
-1.2925
-1.2548
-1.2104
-1.1681
-1.1343
-1.0908
-1.0377
-1.0076
-0.9601
-0.9208
-0.8702
-0.8187
-0.7692
-0.7113
-0.6618
-0.6077
-0.5435
-0.4736
-0.4152
-0.3435
-0.2710
-0.1986
-0.1300
-0.0528
0.0133
0.0600
0.1066
0.1501
0.1985
0.2291
0.2606
0.2943
0.3368
0.3808
0.4219
0.4720
0.5356
0.5931
0.6561
0.7146
0.7708
0.8400
0.9103
0.9712
1.0376
1.1143
1.1885
1.2836
1.3871
1.4997
1.6459
1.7849
1.9094
2.0455
2.1644
2.2830
2.3999
2.5185
2.6153
2.7116
2.8051
2.8854
2.9592
3.0298
3.0792
3.1165
3.1363
3.1679
3.1867
3.2136
3.2241
3.2401
3.2542
3.2656
3.2633
3.2510
3.2282
3.1927
3.1691
3.1289
3.0678
2.9952
2.9230
2.8560
2.7722
2.6849
2.5966
2.4966
2.3878
2.2565
2.1124
1.9782
1.8631
1.7329
1.6389
1.5656
1.4863
1.4228
1.3812
1.3512
1.3324
1.3016
1.2659
1.2416
1.2384
1.2372
1.2234
1.2129
1.2085
1.1946
1.1795
1.1460
1.1229
1.0963
1.0625
1.0413
1.0159
0.9715
0.9246
0.8887
0.8515
0.8006
0.7554
0.7045
0.6533
0.6154
0.5808
0.5556
0.5285
0.5018
0.4786
0.4489
0.4109
0.3686
0.3175
0.2788
0.2406
0.1987
0.1697
0.1397
0.1176
0.1102
0.1194
0.1152
0.1225
0.1293
0.1335
0.1309
0.1203
0.1128
0.1010
0.0918
0.0770
0.0769
0.0717
0.0849
0.0946
0.1043
0.1210
0.1368
0.1567
0.1767
0.1984
0.2120
0.2298
0.2476
0.2717
0.2859
0.2977
0.3269
0.3526
0.3586
0.3703
0.3717
0.3550
0.3366
0.3309
0.3307
0.3315
0.3241
0.3116
0.2848
0.2478
0.2049
0.1724
0.1333
0.1056
0.0767
0.0466
0.0227
0.0291
0.0250
0.0311
0.0313
0.0217
0.0012
-0.0107
-0.0108
-0.0107
-0.0169
-0.0065
-0.0125
-0.0118
-0.0099
-0.0206
-0.0243
-0.0292
-0.0265
-0.0253
-0.0118
-0.0183
-0.0290
-0.0356
-0.0391
-0.0492
-0.0430
-0.0265
-0.0108
0.0135
0.0217
0.0268
0.0373
0.0328
0.0500
0.0679
0.0893
0.1009
0.1036
0.1093
0.0962
0.0891
0.0822
0.0724
0.0561
0.0461
0.0356
0.0120
-0.0332
-0.0813
-0.1174
-0.1476
-0.1690
-0.2023
-0.2246
-0.2318
-0.2467
-0.2699
-0.3008
-0.3435
-0.3729
-0.4088
-0.4349
-0.4540
-0.4804
-0.5160
-0.5390
-0.5555
-0.5789
-0.5853
-0.6002
-0.6223
-0.6440
-0.6573
-0.6630
-0.6671
-0.6592
-0.6540
-0.6548
-0.6599
-0.6614
-0.6487
-0.6298
-0.6183
-0.5900
-0.5698
-0.5531
-0.5229
-0.5056
-0.4687
-0.4343
-0.4130
-0.3840
-0.3366
-0.3015
-0.2512
-0.1846
-0.1196
-0.0614
-0.0186
0.0164
0.0581
0.1002
0.1323
0.1844
0.2288
0.2517
0.2821
0.3112
0.3388
0.3655
0.3966
0.4187
0.4380
0.4506
0.4565
0.4446
0.4446
0.4440
0.4374
0.4162
0.3915
0.3841
0.3744
0.3535
0.3291
0.3099
0.2769
0.2350
0.1964
0.1550
0.1276
0.0948
0.0669
0.0367
-0.0112
-0.0477
-0.0780
-0.1127
-0.1460
-0.1969
-0.2430
-0.2877
-0.3415
-0.3856
-0.4250
-0.4483
-0.4714
-0.4929
-0.5038
-0.5350
-0.5628
-0.5874
-0.6180
-0.6489
-0.6908
-0.7112
-0.7118
-0.7230
-0.7364
-0.7444
-0.7328
-0.6640
-0.5890
-0.5611
-0.5540
-0.5774
-0.5664
-0.5702
-0.5643
-0.5189
-0.5198
-0.5429
-0.5410
-0.5138
-0.4955
-0.4487
-0.4520
-0.4766
-0.4539
-0.4551
-0.4560
-0.4216
-0.3827
-0.3694
-0.3718
-0.3866
-0.3764
-0.4013
-0.4362
-0.4552
-0.4541
-0.4490
-0.4777
-0.5052
-0.4752
-0.4853
-0.4832
-0.5526
-0.5667
-0.6036
-0.6384
-0.6968
-0.7896
-0.8337
-0.8309
-0.8645
-0.8985
-0.9392
-0.9560
-1.0059
-1.0301
-1.0341
-1.0677
-1.0906
-1.1299
-1.1492
-1.1761
-1.1939
-1.2234
-1.2162
-1.2298
-1.2271
-1.2177
-1.2630
-1.2953
-1.3175
-1.3324
-1.3329
-1.3258
-1.3149
-1.3293
-1.3571
-1.3672
-1.3724
-1.3627
-1.3845
-1.3457
-1.3335
-1.3547
-1.3962
-1.4058
-1.3921
-1.3565
-1.3584
-1.3484
-1.3691
-1.3588
-1.3666
-1.3656
-1.2991
-1.2921
-1.3166
-1.3267
-1.3272
-1.3000
-1.3052
-1.2656
-1.2602
-1.2628
-1.2700
-1.2641
-1.2750
-1.2874
-1.2823
-1.2673
-1.2966
-1.3186
-1.3505
-1.3473
-1.3676
-1.3560
-1.3675
-1.3966
-1.4251
-1.4935
-1.5535
-1.5549
-1.5778
-1.6096
-1.6588
-1.6972
-1.7398
-1.7542
-1.7765
-1.8465
-1.8973
-1.9534
-1.9753
-2.0289
-2.0642
-2.0895
-2.0926
-2.1415
-2.1383
-2.1131
-2.1174
-2.1331
-2.1514
-2.1964
-2.2240
-2.2135
-2.2458
-2.2132
-2.2024
-2.2033
-2.1474
-2.0995
-2.0822
-2.0921
-2.0448
-2.0352
-2.0034
-1.9965
-1.9726
-1.9259
-1.8691
-1.8318
-1.7963
-1.7485
-1.7233
-1.6918
-1.6697
-1.6263
-1.5744
-1.5477
-1.5123
-1.4798
-1.4363
-1.3704
-1.3685
-1.3840
-1.3281
-1.2943
-1.2748
-1.2024
-1.1259
-1.1198
-1.1054
-1.0754
-1.0200
-0.9435
-0.9081
-0.8432
-0.8125
-0.7549
-0.7351
-0.7806
-0.7371
-0.6681
-0.6075
-0.5752
-0.5284
-0.4993
-0.4769
-0.4186
-0.3291
-0.3238
-0.2884
-0.2049
-0.1937
-0.1434
-0.0755
-0.0357
0.0244
0.0686
0.1516
0.2198
0.2709
0.3740
0.4445
0.5318
0.5984
0.6686
0.7460
0.8269
0.8626
0.9371
1.0071
1.1240
1.2154
1.3023
1.4037
1.4656
1.5481
1.6656
1.7380
1.7947
1.8616
1.9354
2.0111
2.0627
2.1336
2.2202
2.2734
2.3390
2.4347
2.4633
2.5314
2.6144
2.6922
2.8014
2.8934
2.9813
3.0304
3.1052
3.1493
3.1883
3.2407
3.2507
3.2857
3.2722
3.2812
3.2669
3.2549
3.1814
3.0478
2.9492
2.8566
2.7662
2.6965
2.5540
2.4636
2.3536
2.2931
2.2451
2.1195
1.9749
1.8570
1.7365
1.6322
1.5168
1.3601
1.2363
1.0831
0.9654
0.8037
0.7249
0.6248
0.5396
0.4488
0.3496
0.2433
0.1767
0.0915
0.0296
-0.0094
-0.1117
-0.1577
-0.2036
-0.2572
-0.2855
-0.2757
-0.3260
-0.3796
-0.4203
-0.4102
-0.4224
-0.4911
-0.5680
-0.6165
-0.6714
-0.7174
-0.7612
-0.8390
-0.9247
-0.9957
-1.0512
-1.1027
-1.1293
-1.1646
-1.1662
-1.1781
-1.2211
-1.2400
-1.2046
-1.2440
-1.2844
-1.2954
-1.2931
-1.2867
-1.2991
-1.2836
-1.2802
-1.2654
-1.2852
-1.3061
-1.3415
-1.3356
-1.3123
-1.2921
-1.3097
-1.2863
-1.2620
-1.2942
-1.2379
-1.2449
-1.2701
-1.2634
-1.2442
-1.2199
-1.1656
-1.1428
-1.1234
-1.0968
-1.0329
-1.0082
-0.9649
-0.9375
-0.9251
-0.9134
-0.9335
-0.8800
-0.8442
-0.8244
-0.7972
-0.8114
-0.7786
-0.7183
-0.6924
-0.6678
-0.6381
-0.6222
-0.5810
-0.6121
-0.5945
-0.5797
-0.5282
-0.4991
-0.4564
-0.4070
-0.3833
-0.3503
-0.3134
-0.3806
-0.3931
-0.3417
-0.2842
-0.2907
-0.2994
-0.2960
-0.2469
-0.2271
-0.2303
-0.2818
-0.3057
-0.3012
-0.3393
-0.3822
-0.4390
-0.4595
-0.5041
-0.5437
-0.5845
-0.5801
-0.5607
-0.5520
-0.5795
-0.6079
-0.6225
-0.5863
-0.5970
-0.6439
-0.6762
-0.6920
-0.6856
-0.6902
-0.7114
-0.7078
-0.7049
-0.7047
-0.7084
-0.7211
-0.7372
-0.8023
-0.8252
-0.7996
-0.8042
-0.8174
-0.8121
-0.7915
-0.8287
-0.8461
-0.8781
-0.8651
-0.8262
-0.8186
-0.8124
-0.8503
-0.8503
-0.8617
-0.8379
-0.8052
-0.7565
-0.7028
-0.7008
-0.6756
-0.6415
-0.5912
-0.5573
-0.5309
-0.5191
-0.4353
-0.3665
-0.3285
-0.2771
-0.2976
-0.3022
-0.2442
-0.1882
-0.1681
-0.1414
-0.0721
-0.0594
-0.0171
0.0506
0.0667
0.0928
0.1492
0.2130
0.2725
0.3474
0.4258
0.4194
0.4378
0.5115
0.5060
0.5194
0.5876
0.6339
0.6765
0.7040
0.6812
0.6227
0.5973
0.5804
0.5747
0.5661
0.5370
0.4916
0.4878
0.3997
0.3653
0.3259
0.3049
0.2386
0.1710
0.1260
0.1085
0.0904
0.0792
0.0854
0.0525
0.0340
0.0163
0.0073
0.0024
0.0251
0.0311
-0.0006
0.0061
0.0629
0.0789
0.1208
0.0952
0.0949
0.0756
0.0853
0.1381
0.1616
0.1585
0.1995
0.2231
0.2797
0.2905
0.3198
0.2860
0.2530
0.2681
0.3166
0.3473
0.3387
0.3651
0.4311
0.4487
0.4428
0.4598
0.4998
0.5431
0.5607
0.6356
0.6481
0.6776
0.7148
0.7460
0.7845
0.8262
0.8833
0.8742
0.8887
0.9013
0.9260
0.9426
0.9971
0.9965
0.9754
0.9831
0.9658
0.9347
0.9272
0.9382
0.9469
0.9567
0.9329
0.9759
0.9922
1.0287
1.0698
1.0691
1.0629
1.0575
1.0587
1.0957
1.0900
1.0997
1.1182
1.1357
1.1438
1.1478
1.1085
1.1451
1.1740
1.1520
1.1236
1.1029
1.1034
1.1187
1.0991
1.0738
1.0010
1.0033
0.9300
0.8756
0.8573
0.8626
0.7895
0.7153
0.6966
0.6937
0.6253
0.5683
0.5268
0.4813
0.4594
0.3999
0.3447
0.2585
0.1676
0.1231
0.0798
0.0998
0.0946
0.0193
-0.0206
-0.0700
-0.1496
-0.1382
-0.1740
-0.1802
-0.1527
-0.1369
-0.1773
-0.1959
-0.2514
-0.2263
-0.2359
-0.2133
-0.2261
-0.2781
-0.2567
-0.2290
-0.2359
-0.2410
-0.2119
-0.2177
-0.2736
-0.3423
-0.4023
-0.4562
-0.4757
-0.4919
-0.5306
-0.5639
-0.5510
-0.6400
-0.7158
-0.7541
-0.7846
-0.8539
-0.9125
-0.9330
-0.9747
-1.0031
-1.0489
-1.0906
-1.2040
-1.2708
-1.3253
-1.3516
-1.3860
-1.4203
-1.4906
-1.5339
-1.6274
-1.6917
-1.7161
-1.8074
-1.8965
-1.9871
-2.0715
-2.1665
-2.2702
-2.3780
-2.4424
-2.5457
-2.6238
-2.6498
-2.7250
-2.7723
-2.8754
-2.9663
-3.0068
-2.9919
-3.0106
-3.0318
-3.0673
-3.0858
-3.0750
-3.0871
-3.1029
-3.1082
-3.1534
-3.1203
-3.0607
-3.0556
-3.1221
-3.1499
-3.1210
-3.0939
-3.0444
-3.0339
-3.0366
-3.0059
-2.9817
-2.9237
-2.8462
-2.7895
-2.7942
-2.7534
-2.7263
-2.7131
-2.7092
-2.6706
-2.6638
-2.6362
-2.5743
-2.5490
-2.4879
-2.4270
-2.3844
-2.3560
-2.3181
-2.2676
-2.1974
-2.1448
-2.1226
-2.0611
-2.0437
-1.9522
-1.9070
-1.8486
-1.7841
-1.7569
-1.7515
-1.7353
-1.6928
-1.6017
-1.5611
-1.4908
-1.4706
-1.4351
-1.4062
-1.3425
-1.3072
-1.2485
-1.1969
-1.1222
-1.1091
-1.0870
-1.0142
-1.0060
-0.9432
-0.8586
-0.8244
-0.7281
-0.6828
-0.6356
-0.6241
-0.5745
-0.4754
-0.4215
-0.3609
-0.2648
-0.2202
-0.1524
-0.0562
-0.0169
0.0692
0.1833
0.3108
0.4016
0.4971
0.6082
0.6727
0.7678
0.9001
0.9621
1.0502
1.1497
1.2512
1.4036
1.5334
1.6767
1.7556
1.8604
1.9649
2.0700
2.2371
2.3963
2.4926
2.5543
2.6611
2.7508
2.8535
2.9611
3.0592
3.1246
3.1685
3.2313
3.2559
3.3084
3.3110
3.3037
3.2827
3.1935
3.0951
3.0057
2.9028
2.7683
2.5781
2.4744
2.3196
2.1293
1.9861
1.8127
1.6822
1.4797
1.3796
1.2224
1.0440
0.8819
0.7116
0.5012
0.3076
0.1425
-0.0276
-0.2180
-0.3152
-0.4138
-0.5219
-0.5911
-0.7115
-0.8414
-0.9361
-1.0174
-1.1027
-1.2074
-1.3238
-1.3988
-1.4781
-1.6365
-1.7725
-1.8715
-1.9302
-1.9767
-2.0799
-2.1970
-2.2662
-2.3393
-2.4140
-2.4690
-2.4718
-2.4908
-2.5245
-2.5816
-2.6841
-2.7441
-2.7577
-2.7784
-2.8064
-2.8633
-2.9019
-2.8961
-2.9213
-2.9026
-2.8671
-2.8607
-2.8457
-2.7595
-2.7402
-2.7213
-2.6785
-2.6388
-2.6037
-2.5679
-2.5043
-2.4715
-2.4137
-2.3623
-2.3138
-2.3159
-2.3079
-2.2473
-2.1773
-2.1354
-2.1125
-2.0779
-2.0081
-1.9932
-1.9683
-1.9419
-1.9368
-1.9553
-1.9373
-1.9323
-1.9025
-1.9196
-1.9204
-1.8867
-1.8880
-1.8584
-1.8698
-1.8870
-1.8713
-1.8451
-1.7956
-1.7461
-1.7240
-1.7321
-1.6712
-1.6807
-1.7309
-1.7456
-1.7137
-1.6597
-1.6481
-1.6817
-1.7034
-1.6880
-1.6969
-1.6830
-1.7408
-1.7964
-1.8177
-1.8009
-1.8516
-1.9036
-1.9811
-1.9837
-2.0344
-2.1008
-2.1529
-2.2284
-2.2332
-2.3086
-2.3190
-2.3173
-2.3322
-2.3401
-2.3687
-2.4127
-2.4719
-2.5040
-2.5235
-2.4997
-2.4253
-2.3887
-2.3443
-2.3633
-2.3481
-2.3170
-2.3115
-2.2822
-2.2903
-2.2626
-2.2281
-2.1712
-2.1617
-2.1448
-2.1629
-2.1586
-2.1687
-2.1864
-2.1752
-2.1468
-2.1800
-2.1924
-2.1587
-2.0928
-2.0656
-2.0530
-2.0161
-2.0192
-2.0394
-2.0067
-1.9759
-1.9012
-1.8579
-1.8083
-1.7668
-1.7767
-1.7257
-1.6780
-1.6298
-1.5948
-1.5731
-1.5654
-1.5103
-1.4945
-1.4164
-1.3451
-1.3043
-1.2496
-1.2162
-1.2094
-1.2173
-1.1885
-1.1619
-1.1469
-1.1014
-1.0689
-1.0233
-0.9881
-1.0031
-1.0462
-1.0111
-0.9950
-0.9965
-0.9634
-0.9633
-0.9810
-0.9976
-0.9576
-0.9874
-1.0143
-1.0293
-1.0108
-1.0479
-1.0753
-1.0996
-1.1380
-1.1849
-1.2126
-1.2378
-1.2695
-1.2641
-1.2673
-1.3106
-1.3805
-1.3835
-1.4319
-1.4771
-1.4891
-1.5340
-1.5892
-1.6297
-1.6522
-1.6699
-1.6910
-1.7210
-1.7433
-1.7629
-1.7799
-1.7737
-1.8218
-1.8963
-1.9319
-1.9750
-1.9811
-2.0350
-2.0830
-2.0801
-2.0414
-2.0378
-2.0443
-2.0403
-2.0558
-2.0503
-2.0238
-2.0171
-1.9957
-1.9628
-1.9160
-1.8693
-1.8346
-1.7993
-1.7491
-1.6926
-1.6586
-1.6117
-1.5890
-1.5672
-1.5434
-1.4932
-1.4567
-1.4314
-1.4165
-1.3955
-1.3790
-1.3725
-1.3124
-1.2911
-1.2833
-1.2191
-1.2136
-1.1987
-1.1414
-1.0721
-1.0128
-0.9673
-0.9742
-0.9725
-0.9534
-0.9364
-0.9386
-0.9297
-0.9038
-0.9026
-0.9094
-0.9560
-0.9503
-0.9824
-1.0069
-1.0026
-1.0631
-1.0752
-1.0607
-1.1060
-1.0941
-1.1364
-1.1743
-1.2085
-1.1919
-1.1789
-1.1795
-1.2294
-1.2633
-1.2924
-1.3338
-1.3773
-1.3890
-1.4192
-1.4270
-1.4614
-1.5070
-1.5268
-1.5558
-1.6028
-1.6097
-1.6573
-1.7110
-1.7061
-1.7066
-1.7050
-1.7389
-1.7848
-1.7986
-1.8029
-1.8149
-1.8257
-1.8472
-1.8483
-1.8635
-1.8688
-1.9373
-1.9887
-1.9893
-2.0194
-2.0611
-2.0709
-2.0970
-2.1200
-2.1489
-2.2234
-2.2729
-2.2915
-2.3082
-2.2979
-2.3286
-2.4047
-2.4218
-2.4388
-2.4899
-2.5113
-2.5259
-2.5328
-2.5542
-2.6113
-2.6147
-2.6271
-2.6237
-2.6699
-2.7233
-2.7337
-2.6887
-2.6771
-2.6872
-2.6623
-2.6624
-2.6522
-2.6046
-2.5339
-2.5163
-2.4888
-2.4334
-2.3836
-2.3714
-2.3392
-2.2971
-2.2471
-2.1600
-2.1081
-2.0225
-1.9377
-1.8432
-1.7634
-1.6536
-1.5561
-1.4656
-1.3529
-1.2623
-1.1974
-1.1129
-0.9842
-0.8741
-0.7952
-0.6883
-0.5624
-0.4523
-0.3754
-0.3178
-0.2695
-0.1473
-0.0116
0.1131
0.2292
0.3120
0.4189
0.5203
0.6584
0.7909
0.8902
0.9483
1.0631
1.1755
1.2895
1.3483
1.4610
1.5066
1.5817
1.6705
1.7228
1.7568
1.8281
1.8653
1.8546
1.8660
1.8895
1.8790
1.8269
1.8006
1.7429
1.6922
1.5874
1.4891
1.4071
1.3183
1.1930
1.0547
0.8917
0.7502
0.6143
0.5135
0.3634
0.1803
-0.0091
-0.1880
-0.3442
-0.5317
-0.7165
-0.9052
-1.0519
-1.1683
-1.3239
-1.4662
-1.5842
-1.7127
-1.8490
-1.9094
-1.9769
-2.0526
-2.1007
-2.1491
-2.1991
-2.2461
-2.2867
-2.3435
-2.4157
-2.4500
-2.4449
-2.4161
-2.4751
-2.5866
-2.6324
-2.6372
-2.6934
-2.7790
-2.8541
-2.9025
-2.9206
-2.9391
-2.9822
-3.0158
-3.1130
-3.2226
-3.2727
-3.3208
-3.3491
-3.4166
-3.4481
-3.4933
-3.4878
-3.5167
-3.5540
-3.5833
-3.5386
-3.5239
-3.5271
-3.5371
-3.5558
-3.5827
-3.5446
-3.5247
-3.5573
-3.5460
-3.5760
-3.5513
-3.5232
-3.5164
-3.4877
-3.5079
-3.4930
-3.4638
-3.4241
-3.4466
-3.4725
-3.4446
-3.4236
-3.4457
-3.4533
-3.4353
-3.4201
-3.3822
-3.3586
-3.3440
-3.3382
-3.3448
-3.3226
-3.2967
-3.2894
-3.2722
-3.2332
-3.1825
-3.1706
-3.1372
-3.1171
-3.1107
-3.1199
-3.1055
-3.0891
-3.0374
-2.9844
-3.0138
-3.0171
-3.0280
-3.0147
-2.9815
-2.9736
-2.9602
-2.9112
-2.9083
-2.8805
-2.8925
-2.8772
-2.8392
-2.8727
-2.8465
-2.8352
-2.8547
-2.8694
-2.8442
-2.8263
-2.7881
-2.7723
-2.8093
-2.8285
-2.8528
-2.8323
-2.7970
-2.7970
-2.8119
-2.7999
-2.7734
-2.8137
-2.8208
-2.8007
-2.7590
-2.7586
-2.7421
-2.6889
-2.6240
-2.6137
-2.5932
-2.5752
-2.5788
-2.5492
-2.4958
-2.4720
-2.4636
-2.4519
-2.5210
-2.5273
-2.4572
-2.4530
-2.4716
-2.4842
-2.5531
-2.6169
-2.6551
-2.6441
-2.6633
-2.7008
-2.7463
-2.7761
-2.8174
-2.8784
-2.9304
-3.0162
-3.0630
-3.0786
-3.1023
-3.0932
-3.1117
-3.0976
-3.0628
-2.9918
-2.9795
-2.9979
-3.0259
-3.0037
-2.9721
-2.9118
-2.8603
-2.8383
-2.8458
-2.8028
-2.7912
-2.7844
-2.7782
-2.7774
-2.7870
-2.7733
-2.8023
-2.8603
-2.8980
-2.9455
-3.0088
-3.0246
-3.0712
-3.1655
-3.2360
-3.2794
-3.3100
-3.3493
-3.3608
-3.3527
-3.4144
-3.5310
-3.5758
-3.5620
-3.6248
-3.6392
-3.6555
-3.6832
-3.7015
-3.7129
-3.7350
-3.7105
-3.6970
-3.7541
-3.7647
-3.7768
-3.8114
-3.7722
-3.8057
-3.8049
-3.7659
-3.7518
-3.7339
-3.7529
-3.7502
-3.7814
-3.7739
-3.7930
-3.8387
-3.8392
-3.8308
-3.8201
-3.8087
-3.8265
-3.8598
-3.8389
-3.7580
-3.7642
-3.7805
-3.7807
-3.7763
-3.7976
-3.7826
-3.7785
-3.7718
-3.8119
-3.7934
-3.7838
-3.7558
-3.7305
-3.6617
-3.6545
-3.6192
-3.6179
-3.5551
-3.4853
-3.4602
-3.4150
-3.3715
-3.2869
-3.2497
-3.2136
-3.1518
-3.0846
-3.0299
-2.9824
-2.9367
-2.8661
-2.8095
-2.7553
-2.6692
-2.6268
-2.5472
-2.4869
-2.4573
-2.3601
-2.3284
-2.3075
-2.3143
-2.2836
-2.2278
-2.1380
-2.1550
-2.1152
-2.1108
-2.1077
-2.0660
-2.0456
-2.0839
-2.0654
-2.0648
-2.1026
-2.1586
-2.1951
-2.1957
-2.1999
-2.1909
-2.1859
-2.1587
-2.1758
-2.1992
-2.2178
-2.2302
-2.2662
-2.3363
-2.3618
-2.3706
-2.3680
-2.4248
-2.4812
-2.5026
-2.5237
-2.5531
-2.5931
-2.6040
-2.6430
-2.7149
-2.6832
-2.6800
-2.7301
-2.7946
-2.8527
-2.9150
-2.9675
-3.0065
-3.0019
-3.0576
-3.1246
-3.1821
-3.2397
-3.2855
-3.3540
-3.4319
-3.4584
-3.5042
-3.5488
-3.6123
-3.6551
-3.7241
-3.7509
-3.7785
-3.8508
-3.9000
-3.9547
-4.0226
-4.0597
-4.0908
-4.1605
-4.2032
-4.2711
-4.3410
-4.4574
-4.5091
-4.5535
-4.5767
-4.6469
-4.7174
-4.7324
-4.7220
-4.7578
-4.8210
-4.8636
-4.9582
-4.9893
-4.9683
-5.0138
-5.0534
-5.0553
-5.0562
-5.0641
-5.0783
-5.0604
-5.1087
-5.1228
-5.1328
-5.1241
-5.1231
-5.1562
-5.1615
-5.1705
-5.1887
-5.1674
-5.1494
-5.1806
-5.2069
-5.2754
-5.3079
-5.3362
-5.3620
-5.3545
-5.3694
-5.3938
-5.4095
-5.3938
-5.3690
-5.4039
-5.4383
-5.4608
-5.4572
-5.4295
-5.4464
-5.4870
-5.4863
-5.4755
-5.5059
-5.5156
-5.5346
-5.5462
-5.5265
-5.5213
-5.5618
-5.6174
-5.6343
-5.6002
-5.6026
-5.5932
-5.6380
-5.6527
-5.6431
-5.6559
-5.6374
-5.6166
-5.5992
-5.5922
-5.6112
-5.6329
-5.6323
-5.6050
-5.6019
-5.5596
-5.5726
-5.5788
-5.5360
-5.5192
-5.5312
-5.5038
-5.4756
-5.4130
-5.3838
-5.3400
-5.2838
-5.2907
-5.2620
-5.2451
-5.2734
-5.2614
-5.2111
-5.1860
-5.1588
-5.1756
-5.1870
-5.2214
-5.2472
-5.2585
-5.2980
-5.3360
-5.3271
-5.4013
-5.3931
-5.3948
-5.3830
-5.3698
-5.3923
-5.3929
-5.3536
-5.3189
-5.3033
-5.2782
-5.2851
-5.2529
-5.2121
-5.1460
-5.1252
-5.1228
-5.0185
-4.9602
-4.9260
-4.8193
-4.7646
-4.6610
-4.5971
-4.4891
-4.4291
-4.3532
-4.2465
-4.2122
-4.1448
-4.0194
-3.9003
-3.8273
-3.7801
-3.7262
-3.6417
-3.5814
-3.4517
-3.3300
-3.2501
-3.1777
-3.0860
-2.9949
-2.8929
-2.7643
-2.6763
-2.5502
-2.3825
-2.2088
-2.0778
-1.9344
-1.8416
-1.6961
-1.5945
-1.4565
-1.3266
-1.1799
-1.0293
-0.8916
-0.7816
-0.6255
-0.4814
-0.3276
-0.2585
-0.1562
-0.0419
0.0747
0.1441
0.2527
0.3787
0.5026
0.6167
0.7591
0.8723
0.9548
1.0250
1.1492
1.3102
1.4287
1.5226
1.6575
1.8129
1.9762
2.1213
2.2674
2.4120
2.5746
2.7327
2.8885
3.0450
3.1987
3.3205
3.4673
3.6119
3.7987
3.9623
4.0856
4.2642
4.4256
4.5275
4.6101
4.7269
4.8653
5.0146
5.1068
5.2553
5.3978
5.5442
5.7143
5.8615
6.0082
6.1669
6.2560
6.4063
6.4997
6.6315
6.7265
6.8737
7.0683
7.2449
7.3871
7.5133
7.6235
7.7240
7.8138
7.9210
7.9536
8.0249
8.1365
8.2532
8.3780
8.4973
8.5983
8.6876
8.7612
8.8362
8.8866
8.9380
8.9745
8.9751
8.9635
8.9310
8.9071
8.8769
8.8494
8.8106
8.7779
8.7435
8.6957
8.6475
8.5947
8.5292
8.4747
8.4219
8.3739
8.3253
8.2713
8.2241
8.1710
8.1092
8.0178
7.9372
7.8640
7.7843
7.6868
7.5818
7.4741
7.3746
7.2646
7.1563
7.0371
6.9186
6.8006
6.6885
6.5793
6.4720
6.3649
6.2748
6.2375
6.1233
5.9821
5.8763
5.7479
5.6511
5.5351
5.4311
5.2758
5.1292
4.9840
4.8733
4.7322
4.6537
4.5064
4.3501
4.1961
4.0543
3.9626
3.8327
3.7092
3.5500
3.4431
3.3259
3.2215
3.0623
2.9047
2.7581
2.6369
2.5511
2.4809
2.3883
2.2579
2.1553
2.0325
1.9526
1.8463
1.7199
1.6769
1.5969
1.4920
1.3757
1.2835
1.2441
1.2395
1.2214
1.1693
1.1164
1.0140
0.9388
0.8812
0.8459
0.8598
0.8702
0.8272
0.7900
0.7629
0.7221
0.6931
0.6796
0.6396
0.6037
0.6045
0.5828
0.5420
0.4814
0.4389
0.4098
0.3969
0.3854
0.3451
0.3486
0.4034
0.3785
0.3238
0.3271
0.3107
0.2913
0.2937
0.2921
0.2475
0.1570
0.1172
0.0618
0.0112
-0.0568
-0.1267
-0.2050
-0.2495
-0.2797
-0.3314
-0.3730
-0.4465
-0.5215
-0.5068
-0.4701
-0.4362
-0.4131
-0.3844
-0.3528
-0.2955
-0.2514
-0.2046
-0.1144
-0.0757
-0.0350
-0.0310
0.0221
0.0557
0.0983
0.0413
0.0531
0.0475
0.0250
0.0452
0.0794
0.0785
0.0774
0.0333
0.0073
0.0080
-0.0470
-0.0598
-0.0873
-0.1040
-0.1548
-0.2230
-0.2504
-0.2948
-0.3455
-0.3903
-0.4423
-0.4877
-0.5032
-0.5042
-0.5300
-0.6003
-0.6441
-0.6300
-0.6148
-0.6692
-0.6832
-0.6916
-0.7500
-0.7231
-0.7016
-0.7580
-0.7925
-0.8584
-0.9325
-0.9812
-0.9659
-0.9972
-1.0404
-1.0382
-1.0774
-1.1337
-1.1565
-1.1647
-1.1936
-1.2056
-1.2225
-1.2009
-1.2304
-1.2591
-1.2077
-1.2022
-1.2342
-1.2491
-1.2445
-1.2427
-1.2659
-1.2938
-1.3101
-1.3231
-1.3421
-1.3743
-1.3842
-1.4090
-1.4635
-1.4717
-1.4898
-1.4986
-1.4817
-1.5617
-1.5913
-1.5714
-1.5403
-1.5186
-1.5012
-1.5091
-1.4991
-1.4807
-1.5107
-1.5070
-1.4735
-1.4525
-1.4137
-1.4163
-1.4080
-1.3621
-1.3681
-1.3625
-1.3772
-1.3912
-1.4288
-1.4278
-1.4390
-1.4699
-1.4930
-1.5808
-1.6286
-1.6304
-1.5947
-1.6107
-1.6595
-1.7078
-1.7295
-1.7392
-1.7448
-1.7661
-1.7493
-1.7337
-1.7806
-1.7772
-1.8114
-1.7893
-1.7647
-1.7750
-1.8149
-1.8394
-1.8275
-1.8249
-1.8502
-1.8595
-1.9001
-1.8918
-1.9338
-1.9639
-1.9347
-1.9352
-1.9663
-2.0093
-2.0311
-2.0436
-2.0561
-2.0811
-2.1423
-2.2197
-2.2146
-2.2980
-2.3442
-2.3570
-2.3731
-2.3885
-2.4002
-2.4181
-2.4415
-2.4571
-2.4637
-2.4842
-2.5161
-2.5489
-2.5742
-2.5942
-2.6138
-2.6341
-2.6433
-2.6617
-2.6751
-2.6882
-2.7212
-2.7561
-2.8037
-2.8494
-2.9060
-2.9675
-3.0174
-3.0686
-3.1255
-3.2013
-3.2750
-3.3461
-3.4171
-3.4949
-3.5613
-3.5841
-3.5470
-3.5812
-3.6245
-3.6484
-3.7256
-3.7552
-3.8131
-3.8474
-3.9144
-3.9655
-4.0333
-4.0335
-4.0503
-4.0751
-4.1134
-4.1175
-4.2061
-4.2744
-4.2748
-4.2561
-4.3472
-4.3751
-4.3768
-4.3707
-4.3717
-4.3806
-4.3847
-4.3687
-4.3514
-4.3333
-4.3021
-4.2663
-4.2120
-4.1717
-4.1332
-4.1016
-4.0627
-4.0252
-3.9903
-3.9394
-3.8924
-3.8554
-3.8019
-3.7356
-3.6718
-3.6041
-3.5374
-3.4871
-3.4472
-3.4140
-3.3847
-3.3526
-3.3096
-3.2643
-3.2021
-3.1407
-3.0743
-3.0302
-2.9771
-2.9273
-2.8922
-2.8508
-2.8088
-2.7811
-2.7533
-2.7384
-2.7207
-2.7040
-2.6919
-2.6961
-2.6914
-2.6804
-2.6646
-2.6532
-2.6361
-2.6188
-2.6000
-2.5807
-2.5480
-2.5178
-2.4785
-2.4301
-2.3866
-2.3403
-2.3157
-2.2969
-2.2662
-2.2393
-2.1969
-2.1676
-2.1361
-2.1107
-2.0864
-2.0631
-2.0630
-2.0586
-2.0628
-2.0755
-2.0690
-2.0729
-2.0782
-2.0880
-2.1004
-2.0954
-2.0924
-2.1078
-2.1305
-2.1375
-2.1210
-2.0860
-2.0623
-2.0414
-2.0161
-2.0070
-1.9666
-1.9380
-1.8982
-1.8488
-1.7874
-1.7346
-1.6792
-1.6157
-1.5677
-1.5139
-1.4573
-1.4123
-1.3501
-1.2773
-1.2070
-1.1313
-1.0607
-0.9764
-0.8962
-0.8145
-0.7348
-0.6491
-0.5649
-0.4786
-0.3984
-0.3218
-0.2352
-0.1520
-0.0615
0.0258
0.1081
0.1805
0.2496
0.3141
0.3932
0.4612
0.5307
0.5958
0.6519
0.7095
0.7711
0.8265
0.8805
0.9292
0.9700
1.0092
1.0568
1.1001
1.1426
1.1813
1.2163
1.2520
1.2894
1.3105
1.3401
1.3664
1.3846
1.3972
1.4002
1.3952
1.3971
1.3962
1.3942
1.3990
1.3971
1.4052
1.4148
1.4290
1.4303
1.4415
1.4592
1.4760
1.4949
1.5258
1.5398
1.5595
1.5849
1.6053
1.6341
1.6585
1.6886
1.7145
1.7492
1.7814
1.8245
1.8670
1.9061
1.9594
2.0135
2.0641
2.0936
2.1238
2.1560
2.1904
2.2337
2.2997
2.3626
2.4170
2.4694
2.5251
2.5841
2.6475
2.7060
2.7605
2.8144
2.8547
2.8916
2.9291
2.9822
3.0345
3.0786
3.1366
3.1840
3.2228
3.2721
3.3197
3.3575
3.3931
3.4330
3.4777
3.5190
3.5723
3.6096
3.6607
3.7156
3.7514
3.7913
3.8476
3.8958
3.9614
4.0243
4.0880
4.1489
4.1894
4.2437
4.2880
4.3385
4.3706
4.4057
4.4383
4.4581
4.4839
4.4922
4.5120
4.5288
4.5544
4.5676
4.5779
4.5849
4.5801
4.5607
4.5500
4.5562
4.5688
4.5748
4.5704
4.5512
4.5275
4.5064
4.4942
4.4851
4.4887
4.4833
4.4745
4.4577
4.4266
4.3939
4.3759
4.3562
4.3369
4.3151
4.2873
4.2682
4.2224
4.1747
4.1219
4.0661
4.0152
3.9717
3.9228
3.8738
3.8292
3.7733
3.7078
3.6371
3.5775
3.5037
3.4339
3.3630
3.2887
3.2106
3.1540
3.1010
3.0300
2.9647
2.8976
2.8222
2.7413
2.6662
2.5866
2.5238
2.4685
2.4315
2.4016
2.3798
2.3495
2.3209
2.2781
2.2289
2.1909
2.1536
2.1209
2.0950
2.0643
2.0442
2.0321
2.0214
1.9991
1.9627
1.9140
1.8691
1.8198
1.7848
1.7409
1.7067
1.6768
1.6477
1.6206
1.6049
1.5826
1.5518
1.5212
1.4959
1.4952
1.4805
1.4646
1.4409
1.4056
1.3597
1.3147
1.2674
1.2249
1.1850
1.1468
1.1080
1.0851
1.0520
1.0211
0.9774
0.9489
0.9157
0.8966
0.8904
0.8907
0.8855
0.8853
0.8990
0.9165
0.9253
0.9410
0.9751
1.0302
1.0781
1.1298
1.1744
1.2171
1.2682
1.3144
1.3575
1.3906
1.4214
1.4627
1.5090
1.5356
1.5547
1.5801
1.6053
1.6273
1.6407
1.6473
1.6565
1.6636
1.6672
1.6690
1.6613
1.6526
1.6603
1.6843
1.7042
1.7336
1.7584
1.7658
1.7667
1.7716
1.7701
1.7704
1.7558
1.7444
1.7303
1.7196
1.7253
1.7147
1.6915
1.6677
1.6501
1.6243
1.5855
1.5576
1.5456
1.5429
1.5352
1.5148
1.4925
1.4671
1.4284
1.4043
1.3818
1.3433
1.3245
1.3074
1.2911
1.2627
1.2250
1.1691
1.1274
1.0985
1.0603
1.0289
0.9987
0.9614
0.9159
0.8567
0.8082
0.7599
0.7130
0.6682
0.6386
0.5938
0.5486
0.5086
0.4776
0.4345
0.3699
0.3013
0.2357
0.1799
0.1331
0.0824
0.0378
0.0080
-0.0248
-0.0725
-0.1175
-0.1475
-0.1746
-0.1950
-0.2204
-0.2576
-0.2911
-0.3110
-0.3331
-0.3535
-0.3723
-0.3993
-0.4411
-0.4730
-0.5005
-0.5336
-0.5592
-0.5960
-0.6151
-0.6272
-0.6350
-0.6531
-0.6621
-0.6769
-0.6931
-0.7190
-0.7437
-0.7655
-0.8027
-0.8379
-0.8775
-0.9076
-0.9441
-0.9928
-1.0332
-1.0757
-1.1258
-1.1655
-1.2042
-1.2464
-1.2951
-1.3312
-1.3735
-1.4058
-1.4423
-1.4741
-1.5057
-1.5298
-1.5590
-1.5854
-1.6270
-1.6774
-1.7147
-1.7470
-1.7925
-1.8637
-1.9722
-2.0843
-2.1913
-2.2790
-2.3585
-2.4256
-2.4912
-2.5591
-2.6423
-2.7386
-2.8396
-2.9254
-2.9886
-3.0583
-3.1137
-3.1561
-3.2125
-3.2681
-3.3170
-3.3575
-3.3963
-3.4424
-3.4770
-3.5276
-3.5778
-3.6156
-3.6563
-3.6881
-3.7173
-3.7416
-3.7668
-3.7906
-3.8078
-3.8214
-3.8309
-3.8383
-3.8477
-3.8430
-3.8379
-3.8328
-3.8273
-3.8343
-3.8390
-3.8306
-3.8161
-3.7903
-3.7657
-3.7472
-3.7284
-3.7074
-3.6755
-3.6477
-3.6057
-3.5598
-3.5122
-3.4726
-3.4198
-3.3609
-3.3218
-3.2879
-3.2668
-3.2360
-3.1944
-3.1533
-3.0995
-3.0344
-2.9650
-2.8991
-2.8294
-2.7538
-2.6871
-2.6203
-2.5440
-2.4698
-2.3906
-2.3157
-2.2457
-2.1826
-2.1141
-2.0449
-1.9740
-1.9034
-1.8278
-1.7470
-1.6808
-1.6298
-1.5677
-1.4927
-1.4287
-1.3546
-1.2674
-1.1847
-1.1052
-1.0289
-0.9587
-0.8867
-0.8380
-0.7828
-0.7385
-0.7144
-0.6881
-0.6717
-0.6538
-0.6321
-0.5937
-0.5434
-0.5087
-0.4642
-0.4252
-0.3942
-0.3692
-0.3664
-0.3570
-0.3414
-0.3151
-0.3039
-0.2822
-0.2654
-0.2600
-0.2467
-0.2423
-0.2371
-0.2268
-0.2194
-0.2140
-0.1897
-0.1669
-0.1428
-0.1351
-0.1131
-0.0984
-0.0864
-0.0755
-0.0461
-0.0206
0.0047
0.0353
0.0593
0.0833
0.1210
0.1554
0.1965
0.2472
0.2910
0.3433
0.4025
0.4709
0.5392
0.6106
0.6667
0.7335
0.8040
0.8728
0.9517
1.0422
1.1413
1.2454
1.3350
1.4208
1.4955
1.5608
1.6242
1.6897
1.7551
1.8250
1.8988
1.9581
2.0216
2.0757
2.1258
2.1814
2.2334
2.2869
2.3589
2.4433
2.5190
2.6064
2.6756
2.7469
2.8019
2.8525
2.8927
2.9301
2.9520
2.9941
3.0359
3.0670
3.0968
3.1080
3.1313
3.1648
3.1977
3.2348
3.2695
3.2920
3.3069
3.3338
3.3649
3.3962
3.4396
3.4790
3.5353
3.5837
3.6384
3.6785
3.7124
3.7482
3.8010
3.8609
3.9101
3.9582
3.9950
4.0355
4.0822
4.1238
4.1511
4.1727
4.1926
4.1833
4.1777
4.1754
4.1709
4.1539
4.1211
4.0966
4.0681
4.0440
4.0172
3.9906
3.9605
3.9269
3.8921
3.8486
3.8012
3.7448
3.6951
3.6506
3.6041
3.5515
3.4828
3.4008
3.3115
3.2263
3.1438
3.0644
2.9905
2.9104
2.8389
2.7846
2.7263
2.6697
2.6131
2.5667
2.5132
2.4551
2.4200
2.3785
2.3517
2.3294
2.3115
2.2656
2.2338
2.1934
2.1515
2.1127
2.0881
2.0568
2.0217
1.9870
1.9626
1.9355
1.8969
1.8541
1.8238
1.7897
1.7610
1.7411
1.7268
1.7203
1.7105
1.7019
1.7078
1.7104
1.7127
1.7269
1.7388
1.7490
1.7735
1.7989
1.8339
1.8721
1.8876
1.8969
1.9190
1.9405
1.9471
1.9560
1.9617
1.9481
1.9460
1.9375
1.9224
1.9023
1.8690
1.8151
1.7522
1.6989
1.6587
1.6299
1.6024
1.5830
1.5602
1.5416
1.5270
1.5178
1.5041
1.4792
1.4475
1.4427
1.4406
1.4371
1.4258
1.4171
1.4159
1.4126
1.4205
1.4081
1.3999
1.4059
1.4155
1.4263
1.4237
1.4116
1.4025
1.4026
1.4090
1.4112
1.4172
1.4206
1.4331
1.4475
1.4667
1.4965
1.5478
1.6156
1.6881
1.7559
1.8308
1.9082
1.9766
2.0391
2.0998
2.1504
2.1915
2.2176
2.2517
2.2907
2.3155
2.3264
2.3411
2.3559
2.3670
2.3553
2.3489
2.3186
2.2651
2.1984
2.1275
2.0551
1.9939
1.9302
1.8702
1.8161
1.7495
1.6659
1.5921
1.5267
1.4695
1.4021
1.3393
1.2671
1.1978
1.1334
1.0712
1.0119
0.9551
0.9147
0.8618
0.8060
0.7469
0.6665
0.5953
0.5374
0.4914
0.4555
0.4308
0.4014
0.3719
0.3477
0.3168
0.2881
0.2501
0.2373
0.2165
0.2114
0.2156
0.2277
0.2358
0.2473
0.2606
0.2740
0.2851
0.2903
0.2944
0.2959
0.3074
0.3353
0.3626
0.3874
0.4075
0.4215
0.4235
0.4296
0.4227
0.4166
0.4169
0.4050
0.3633
0.3405
0.3075
0.2746
0.2672
0.2798
0.2910
0.2836
0.2760
0.2582
0.2381
0.2284
0.2155
0.2170
0.2133
0.2006
0.1858
0.1766
0.1497
0.1305
0.1110
0.0988
0.0784
0.0815
0.0722
0.0453
0.0184
-0.0220
-0.0660
-0.1310
-0.2135
-0.3056
-0.4055
-0.5120
-0.6084
-0.6961
-0.8019
-0.9232
-1.0453
-1.1582
-1.2732
-1.3771
-1.4885
-1.6014
-1.7017
-1.7987
-1.8820
-1.9494
-2.0171
-2.0717
-2.1287
-2.1884
-2.2330
-2.2594
-2.2764
-2.2826
-2.2912
-2.2939
-2.2924
-2.3067
-2.3217
-2.3146
-2.3033
-2.2902
-2.2844
-2.2709
-2.2536
-2.2569
-2.2664
-2.2873
-2.3150
-2.3326
-2.3613
-2.3977
-2.4371
-2.4824
-2.5445
-2.6140
-2.6538
-2.6926
-2.7436
-2.7828
-2.8272
-2.8805
-2.9381
-3.0016
-3.0380
-3.0786
-3.1262
-3.1469
-3.1597
-3.1530
-3.1598
-3.1787
-3.1889
-3.1793
-3.1685
-3.1641
-3.1529
-3.1359
-3.1143
-3.0747
-3.0577
-3.0386
-3.0269
-3.0032
-2.9920
-2.9710
-2.9385
-2.9197
-2.8946
-2.8784
-2.8647
-2.8336
-2.8012
-2.7653
-2.7442
-2.7192
-2.6932
-2.6927
-2.6925
-2.6867
-2.6706
-2.6597
-2.6497
-2.6294
-2.6184
-2.6208
-2.6145
-2.6058
-2.5928
-2.6036
-2.6156
-2.6310
-2.6477
-2.6680
-2.6841
-2.6960
-2.7080
-2.7204
-2.7337
-2.7500
-2.7632
-2.7757
-2.7876
-2.7994
-2.8075
-2.8145
-2.8164
-2.8143
-2.8104
-2.8033
-2.7974
-2.7860
-2.7693
-2.7486
-2.7293
-2.7071
-2.6808
-2.6492
-2.6167
-2.5827
-2.5398
-2.4923
-2.4437
-2.3925
-2.3388
-2.2821
-2.2243
-2.1673
-2.1079
-2.0490
-1.9883
-1.9243
-1.8657
-1.8084
-1.7559
-1.7052
-1.6570
-1.6025
-1.5379
-1.4686
-1.3959
-1.3285
-1.2688
-1.2135
-1.1540
-1.0911
-1.0214
-0.9487
-0.8736
-0.7979
-0.7268
-0.6611
-0.5999
-0.5374
-0.4695
-0.3944
-0.3123
-0.2252
-0.1382
-0.0580
0.0162
0.0804
0.1352
0.1810
0.2261
0.2681
0.3047
0.3369
0.3712
0.4026
0.4352
0.4667
0.4960
0.5188
0.5356
0.5483
0.5620
0.5774
0.5991
0.6222
0.6398
0.6496
0.6533
0.6470
0.6316
0.6122
0.5918
0.5630
0.5287
0.4883
0.4435
0.3992
0.3511
0.2962
0.2395
0.1814
0.1276
0.0776
0.0339
-0.0072
-0.0498
-0.0981
-0.1557
-0.2178
-0.2853
-0.3504
-0.4103
-0.4652
-0.5155
-0.5633
-0.6076
-0.6423
-0.6620
-0.6634
-0.6523
-0.6367
-0.6204
-0.6001
-0.5762
-0.5493
-0.5197
-0.4877
-0.4610
-0.4483
-0.4397
-0.4352
-0.4295
-0.4124
-0.3802
-0.3336
-0.2752
-0.2146
-0.1564
-0.1041
-0.0490
0.0104
0.0768
0.1564
0.2388
0.3231
0.4101
0.5016
0.5857
0.6673
0.7485
0.8354
0.9285
1.0245
1.1200
1.2168
1.3078
1.3920
1.4670
1.5367
1.6074
1.6774
1.7467
1.8136
1.8757
1.9348
1.9832
2.0327
2.0792
2.1232
2.1679
2.2025
2.2268
2.2425
2.2462
2.2438
2.2398
2.2360
2.2375
2.2427
2.2388
2.2259
2.2028
2.1706
2.1294
2.0769
2.0141
1.9514
1.8909
1.8253
1.7489
1.6662
1.5799
1.4873
1.3942
1.3132
1.2359
1.1706
1.1133
1.0654
1.0263
0.9895
0.9585
0.9337
0.9131
0.8983
0.8863
0.8764
0.8702
0.8618
0.8591
0.8642
0.8816
0.9007
0.9298
0.9601
0.9915
1.0190
1.0485
1.0793
1.1094
1.1351
1.1587
1.1860
1.2151
1.2458
1.2812
1.3145
1.3465
1.3721
1.3939
1.4141
1.4372
1.4609
1.4849
1.5098
1.5358
1.5643
1.5850
1.5985
1.6074
1.6108
1.6126
1.6067
1.5975
1.5797
1.5559
1.5254
1.4971
1.4721
1.4513
1.4306
1.4093
1.3856
1.3617
1.3332
1.2998
1.2629
1.2206
1.1702
1.1168
1.0594
0.9974
0.9363
0.8825
0.8333
0.7936
0.7556
0.7217
0.6843
0.6417
0.5969
0.5562
0.5197
0.4928
0.4693
0.4513
0.4293
0.3976
0.3627
0.3251
0.2836
0.2454
0.2065
0.1626
0.1160
0.0742
0.0346
0.0022
-0.0253
-0.0537
-0.0756
-0.0986
-0.1287
-0.1645
-0.1930
-0.2110
-0.2191
-0.2220
-0.2225
-0.2271
-0.2335
-0.2388
-0.2430
-0.2369
-0.2306
-0.2241
-0.2195
-0.2197
-0.2262
-0.2319
-0.2367
-0.2419
-0.2491
-0.2584
-0.2709
-0.2865
-0.3007
-0.3113
-0.3202
-0.3246
-0.3227
-0.3210
-0.3169
// ADCData
0.0000
0.2083
0.1250
0.0833
0.1042
0.0833
0.0625
0.1042
0.0625
0.0625
0.0625
0.0417
0.0625
0.0417
0.0417
0.0625
0.0417
0.0625
0.0833
0.0417
0.0417
0.0417
0.0625
0.0417
0.0417
0.0417
0.0625
0.2917
0.2292
0.5000
0.5833
0.3750
0.5417
0.5000
1.0417
0.4583
0.3958
0.4167
1.0417
0.7292
0.5833
0.8125
0.7292
0.7292
1.0000
1.2292
1.1458
1.3333
1.9375
1.8333
2.2500
1.3542
1.7292
1.9583
1.1250
1.5417
1.9792
2.7292
2.4583
3.8125
1.9167
3.4583
3.6667
2.8750
2.3542
1.9167
2.2083
2.5208
3.1250
1.8542
1.8958
2.5833
2.0625
2.4375
2.0833
1.7083
1.7708
2.4583
1.8542
1.6875
1.2292
0.9167
1.3750
0.8333
1.6250
0.3125
0.4167
0.3542
0.4167
0.2292
0.2708
0.2292
0.5833
0.6875
0.7917
0.6458
0.5833
0.2083
0.1667
0.1667
0.3750
// BACData
0.0000
0.2083
0.3333
0.4167
0.5208
0.6042
0.6667
0.7708
0.8333
0.8958
0.9583
1.0000
1.0625
1.1042
1.1458
1.2083
1.2500
1.3125
1.3958
1.4375
1.4792
1.5208
1.5833
1.6250
1.6667
1.7083
1.7708
2.0625
2.2917
2.7917
3.3750
3.7500
4.2917
4.7917
5.8333
6.2917
6.6875
7.1042
8.1458
8.8750
9.4583
10.2708
11.0000
11.7292
12.7292
13.9583
15.1042
16.4375
18.3750
20.2083
22.4583
23.8125
25.5417
27.5000
28.6250
30.1667
32.1458
34.8750
37.3333
41.1458
43.0625
46.5208
50.1875
53.0625
55.4167
57.3333
59.5417
62.0625
65.1875
67.0417
68.9375
71.5208
73.5833
76.0208
78.1042
79.8125
81.5833
84.0417
85.8958
87.5833
88.8125
89.7292
91.1042
91.9375
93.5625
93.8750
94.2917
94.6458
95.0625
95.2917
95.5625
95.7917
96.3750
97.0625
97.8542
98.5000
99.0833
99.2917
99.4583
99.6250
100.0000
