// Header
Version;SJ-210 V.1.100
Date;2026/02/17,13:57:00
Mode;ALL
// Condition
Standard;ISO1997
Profile;R
Filter;GAUSS
Lc;0.8;mm
Ls;2.5;um
N;3
Pre_Length;OFF
Speed;0.5
Range;AUTO
GO/NG;Average
Pitch;0.5;um
// CalcResult
Ra;1.525;um;;
Rq;1.832;um;;
Rz;7.099;um;;
// CalcData
4800
Z
-2.2967
-2.2911
-2.2816
-2.2694
-2.2505
-2.2388
-2.2334
-2.2325
-2.2364
-2.2417
-2.2394
-2.2235
-2.1969
-2.1546
-2.1033
-2.0484
-1.9984
-1.9585
-1.9268
-1.8936
-1.8606
-1.8310
-1.8057
-1.7849
-1.7694
-1.7615
-1.7615
-1.7612
-1.7601
-1.7567
-1.7520
-1.7513
-1.7523
-1.7536
-1.7554
-1.7586
-1.7617
-1.7653
-1.7704
-1.7729
-1.7720
-1.7619
-1.7466
-1.7250
-1.6999
-1.6704
-1.6378
-1.6002
-1.5587
-1.5158
-1.4699
-1.4253
-1.3801
-1.3367
-1.2934
-1.2552
-1.2167
-1.1751
-1.1279
-1.0814
-1.0334
-0.9842
-0.9349
-0.8839
-0.8294
-0.7757
-0.7197
-0.6629
-0.6132
-0.5726
-0.5392
-0.5101
-0.4762
-0.4366
-0.3898
-0.3403
-0.2934
-0.2492
-0.2031
-0.1498
-0.0912
-0.0230
0.0530
0.1303
0.2028
0.2765
0.3470
0.4183
0.4884
0.5595
0.6239
0.6791
0.7249
0.7665
0.8098
0.8562
0.9074
0.9618
1.0149
1.0621
1.1013
1.1381
1.1677
1.1966
1.2292
1.2591
1.2871
1.3182
1.3493
1.3828
1.4178
1.4527
1.4834
1.5114
1.5372
1.5604
1.5838
1.6098
1.6351
1.6587
1.6796
1.6952
1.7061
1.7123
1.7092
1.7092
1.7119
1.7229
1.7356
1.7470
1.7580
1.7607
1.7614
1.7627
1.7724
1.7872
1.8020
1.8136
1.8178
1.8157
1.8164
1.8170
1.8141
1.8153
1.8123
1.8028
1.7885
1.7744
1.7639
1.7513
1.7364
1.7224
1.7051
1.6828
1.6544
1.6138
1.5736
1.5336
1.4951
1.4583
1.4175
1.3749
1.3263
1.2678
1.2041
1.1461
1.0925
1.0360
0.9717
0.8984
0.8188
0.7273
0.6266
0.5281
0.4374
0.3557
0.2830
0.2170
0.1598
0.1040
0.0447
-0.0123
-0.0753
-0.1287
-0.1772
-0.2268
-0.2795
-0.3434
-0.4119
-0.4855
-0.5627
-0.6348
-0.6948
-0.7441
-0.7820
-0.8157
-0.8495
-0.8862
-0.9192
-0.9492
-0.9791
-1.0013
-1.0114
-1.0094
-0.9979
-0.9785
-0.9592
-0.9456
-0.9283
-0.9105
-0.8893
-0.8708
-0.8435
-0.8149
-0.7871
-0.7634
-0.7490
-0.7486
-0.7580
-0.7793
-0.8077
-0.8385
-0.8730
-0.9014
-0.9283
-0.9467
-0.9605
-0.9726
-0.9824
-0.9892
-0.9926
-0.9930
-0.9967
-0.9994
-0.9940
-0.9792
-0.9551
-0.9209
-0.8768
-0.8255
-0.7740
-0.7232
-0.6760
-0.6365
-0.6064
-0.5846
-0.5681
-0.5646
-0.5745
-0.6010
-0.6361
-0.6754
-0.7204
-0.7620
-0.7967
-0.8265
-0.8525
-0.8799
-0.9041
-0.9257
-0.9508
-0.9728
-0.9871
-0.9927
-0.9917
-0.9821
-0.9674
-0.9454
-0.9218
-0.8972
-0.8748
-0.8603
-0.8506
-0.8444
-0.8445
-0.8431
-0.8371
-0.8309
-0.8305
-0.8319
-0.8344
-0.8379
-0.8426
-0.8443
-0.8420
-0.8434
-0.8475
-0.8505
-0.8502
-0.8492
-0.8483
-0.8510
-0.8611
-0.8766
-0.8943
-0.9077
-0.9139
-0.9073
-0.8951
-0.8797
-0.8703
-0.8589
-0.8486
-0.8348
-0.8147
-0.7954
-0.7774
-0.7637
-0.7530
-0.7386
-0.7196
-0.7038
-0.6875
-0.6715
-0.6618
-0.6533
-0.6452
-0.6353
-0.6192
-0.5984
-0.5791
-0.5587
-0.5403
-0.5235
-0.5049
-0.4841
-0.4587
-0.4285
-0.3958
-0.3688
-0.3535
-0.3507
-0.3493
-0.3448
-0.3401
-0.3283
-0.3097
-0.2891
-0.2666
-0.2513
-0.2359
-0.2244
-0.2098
-0.1894
-0.1664
-0.1492
-0.1355
-0.1298
-0.1308
-0.1326
-0.1363
-0.1350
-0.1253
-0.1157
-0.1102
-0.1135
-0.1198
-0.1282
-0.1425
-0.1559
-0.1681
-0.1784
-0.1870
-0.1984
-0.2137
-0.2377
-0.2669
-0.2951
-0.3197
-0.3416
-0.3616
-0.3769
-0.3945
-0.4111
-0.4227
-0.4294
-0.4311
-0.4347
-0.4369
-0.4383
-0.4433
-0.4423
-0.4358
-0.4190
-0.3920
-0.3593
-0.3237
-0.2864
-0.2551
-0.2236
-0.1897
-0.1527
-0.1157
-0.0786
-0.0420
-0.0059
0.0273
0.0599
0.0917
0.1245
0.1633
0.1967
0.2323
0.2682
0.3028
0.3347
0.3632
0.3860
0.4002
0.4174
0.4334
0.4497
0.4653
0.4805
0.4909
0.4942
0.4860
0.4687
0.4487
0.4316
0.4243
0.4281
0.4388
0.4450
0.4483
0.4519
0.4618
0.4784
0.4984
0.5251
0.5468
0.5670
0.5819
0.5956
0.6135
0.6436
0.6761
0.7127
0.7475
0.7780
0.8056
0.8294
0.8544
0.8778
0.9024
0.9305
0.9609
0.9943
1.0279
1.0629
1.0981
1.1389
1.1848
1.2318
1.2744
1.3090
1.3385
1.3628
1.3858
1.4167
1.4477
1.4814
1.5157
1.5436
1.5689
1.5955
1.6201
1.6389
1.6566
1.6764
1.6962
1.7125
1.7233
1.7272
1.7300
1.7299
1.7288
1.7275
1.7283
1.7303
1.7351
1.7404
1.7467
1.7555
1.7633
1.7692
1.7762
1.7882
1.8103
1.8486
1.9005
1.9547
2.0072
2.0503
2.0802
2.1013
2.1238
2.1469
2.1783
2.2123
2.2432
2.2711
2.2967
2.3179
2.3281
2.3284
2.3257
2.3251
2.3223
2.3174
2.3199
2.3238
2.3270
2.3297
2.3383
2.3546
2.3747
2.3996
2.4279
2.4603
2.5037
2.5576
2.6151
2.6721
2.7280
2.7833
2.8369
2.8937
2.9463
2.9926
3.0337
3.0683
3.0978
3.1303
3.1606
3.1886
3.2116
3.2292
3.2451
3.2607
3.2788
3.2994
3.3167
3.3300
3.3365
3.3366
3.3306
3.3282
3.3241
3.3163
3.3123
3.3047
3.2983
3.2913
3.2860
3.2826
3.2764
3.2674
3.2542
3.2362
3.2144
3.1891
3.1681
3.1460
3.1296
3.1209
3.1154
3.1085
3.0983
3.0856
3.0674
3.0518
3.0372
3.0291
3.0212
3.0058
2.9823
2.9544
2.9208
2.8783
2.8297
2.7743
2.7122
2.6466
2.5788
2.5019
2.4288
2.3515
2.2736
2.1980
2.1281
2.0561
1.9832
1.9104
1.8342
1.7544
1.6703
1.5909
1.5175
1.4536
1.3966
1.3386
1.2803
1.2254
1.1807
1.1372
1.0988
1.0625
1.0333
1.0061
0.9752
0.9490
0.9301
0.9147
0.9036
0.8960
0.8832
0.8655
0.8483
0.8364
0.8277
0.8257
0.8165
0.8069
0.7982
0.7906
0.7808
0.7760
0.7717
0.7658
0.7621
0.7563
0.7440
0.7231
0.7030
0.6805
0.6598
0.6413
0.6235
0.6049
0.5845
0.5569
0.5237
0.4932
0.4677
0.4450
0.4192
0.3877
0.3544
0.3195
0.2867
0.2566
0.2310
0.2110
0.1944
0.1792
0.1644
0.1448
0.1151
0.0868
0.0574
0.0304
0.0107
-0.0032
-0.0162
-0.0281
-0.0418
-0.0563
-0.0784
-0.1043
-0.1301
-0.1513
-0.1681
-0.1893
-0.2099
-0.2265
-0.2410
-0.2577
-0.2708
-0.2797
-0.2871
-0.3000
-0.3085
-0.3198
-0.3300
-0.3399
-0.3538
-0.3663
-0.3783
-0.3815
-0.3829
-0.3810
-0.3818
-0.3783
-0.3730
-0.3642
-0.3562
-0.3537
-0.3592
-0.3721
-0.3873
-0.3993
-0.4075
-0.4132
-0.4209
-0.4341
-0.4448
-0.4499
-0.4599
-0.4778
-0.4999
-0.5268
-0.5503
-0.5669
-0.5708
-0.5687
-0.5605
-0.5589
-0.5608
-0.5600
-0.5631
-0.5622
-0.5590
-0.5607
-0.5683
-0.5823
-0.5990
-0.6174
-0.6313
-0.6410
-0.6472
-0.6526
-0.6587
-0.6680
-0.6825
-0.6994
-0.7156
-0.7333
-0.7428
-0.7508
-0.7557
-0.7637
-0.7725
-0.7798
-0.7858
-0.7905
-0.7902
-0.7861
-0.7846
-0.7822
-0.7765
-0.7656
-0.7522
-0.7379
-0.7236
-0.7051
-0.6897
-0.6809
-0.6823
-0.6914
-0.7017
-0.7091
-0.7128
-0.7111
-0.7099
-0.7090
-0.7155
-0.7259
-0.7427
-0.7646
-0.7855
-0.8030
-0.8203
-0.8363
-0.8533
-0.8662
-0.8767
-0.8922
-0.9117
-0.9337
-0.9573
-0.9879
-1.0191
-1.0601
-1.1032
-1.1479
-1.1934
-1.2295
-1.2569
-1.2796
-1.2992
-1.3174
-1.3409
-1.3712
-1.4118
-1.4621
-1.5079
-1.5433
-1.5684
-1.5840
-1.5975
-1.6118
-1.6323
-1.6539
-1.6786
-1.7082
-1.7359
-1.7590
-1.7842
-1.8054
-1.8286
-1.8525
-1.8746
-1.8911
-1.8983
-1.9002
-1.8933
-1.8838
-1.8800
-1.8837
-1.8946
-1.9032
-1.9087
-1.9083
-1.9013
-1.8887
-1.8778
-1.8748
-1.8742
-1.8784
-1.8817
-1.8811
-1.8774
-1.8674
-1.8518
-1.8316
-1.8115
-1.7917
-1.7714
-1.7512
-1.7379
-1.7292
-1.7186
-1.7034
-1.6897
-1.6736
-1.6626
-1.6560
-1.6541
-1.6603
-1.6667
-1.6673
-1.6647
-1.6653
-1.6638
-1.6588
-1.6486
-1.6302
-1.6029
-1.5693
-1.5336
-1.5012
-1.4780
-1.4567
-1.4407
-1.4241
-1.4091
-1.3910
-1.3710
-1.3489
-1.3262
-1.3066
-1.2842
-1.2561
-1.2277
-1.2006
-1.1751
-1.1527
-1.1311
-1.1103
-1.0884
-1.0675
-1.0451
-1.0200
-0.9914
-0.9571
-0.9219
-0.8787
-0.8343
-0.7922
-0.7474
-0.7040
-0.6647
-0.6202
-0.5707
-0.5184
-0.4664
-0.4172
-0.3691
-0.3260
-0.2814
-0.2390
-0.2015
-0.1616
-0.1240
-0.0844
-0.0461
-0.0041
0.0427
0.0979
0.1560
0.2188
0.2843
0.3483
0.4038
0.4556
0.5024
0.5517
0.6032
0.6624
0.7291
0.7959
0.8632
0.9278
0.9905
1.0500
1.1036
1.1594
1.2149
1.2722
1.3271
1.3820
1.4371
1.4896
1.5356
1.5778
1.6188
1.6666
1.7195
1.7775
1.8358
1.8924
1.9428
1.9880
2.0339
2.0758
2.1174
2.1551
2.1905
2.2273
2.2675
2.3140
2.3633
2.4154
2.4606
2.5018
2.5442
2.5922
2.6395
2.6845
2.7274
2.7580
2.7801
2.8015
2.8259
2.8531
2.8852
2.9166
2.9403
2.9572
2.9688
2.9767
2.9783
2.9812
2.9857
2.9880
2.9874
2.9837
2.9736
2.9643
2.9563
2.9490
2.9389
2.9269
2.9117
2.8945
2.8763
2.8602
2.8523
2.8444
2.8377
2.8247
2.8063
2.7862
2.7643
2.7465
2.7351
2.7271
2.7122
2.6955
2.6721
2.6457
2.6174
2.5911
2.5645
2.5385
2.5144
2.4865
2.4522
2.4134
2.3666
2.3248
2.2901
2.2625
2.2415
2.2177
2.1864
2.1392
2.0805
2.0177
1.9474
1.8709
1.7821
1.6838
1.5730
1.4517
1.3198
1.1779
1.0315
0.8821
0.7314
0.5792
0.4167
0.2380
0.0472
-0.1602
-0.3699
-0.5675
-0.7442
-0.8858
-0.9921
-1.0663
-1.1196
-1.1562
-1.1881
-1.2191
-1.2567
-1.2979
-1.3356
-1.3732
-1.4103
-1.4517
-1.4974
-1.5466
-1.5928
-1.6272
-1.6575
-1.6824
-1.7079
-1.7348
-1.7608
-1.7821
-1.7986
-1.8151
-1.8245
-1.8312
-1.8591
-1.8722
-1.8933
-1.9206
-1.9465
-1.9681
-1.9773
-1.9691
-1.9601
-1.9556
-1.9455
-1.9297
-1.9142
-1.9148
-1.8977
-1.8896
-1.8686
-1.8687
-1.8663
-1.8693
-1.8764
-1.8650
-1.8389
-1.8025
-1.7539
-1.6998
-1.6436
-1.6074
-1.5768
-1.5365
-1.5054
-1.4905
-1.4769
-1.4756
-1.4834
-1.4957
-1.4987
-1.4950
-1.4959
-1.4941
-1.4941
-1.5002
-1.4945
-1.4958
-1.4806
-1.4657
-1.4491
-1.4359
-1.4115
-1.3798
-1.3469
-1.3154
-1.2826
-1.2599
-1.2446
-1.2311
-1.2173
-1.2056
-1.1915
-1.1769
-1.1610
-1.1398
-1.1184
-1.0951
-1.0662
-1.0385
-1.0101
-0.9856
-0.9673
-0.9479
-0.9262
-0.8998
-0.8709
-0.8501
-0.8311
-0.8135
-0.7955
-0.7723
-0.7449
-0.7204
-0.7016
-0.6885
-0.6785
-0.6656
-0.6511
-0.6359
-0.6237
-0.6198
-0.6249
-0.6343
-0.6488
-0.6634
-0.6750
-0.6808
-0.6787
-0.6665
-0.6560
-0.6453
-0.6293
-0.6092
-0.5864
-0.5562
-0.5267
-0.4921
-0.4567
-0.4140
-0.3693
-0.3237
-0.2833
-0.2433
-0.2093
-0.1823
-0.1564
-0.1372
-0.1214
-0.1162
-0.1209
-0.1266
-0.1333
-0.1383
-0.1486
-0.1613
-0.1814
-0.2079
-0.2375
-0.2645
-0.2854
-0.3036
-0.3252
-0.3482
-0.3754
-0.4055
-0.4314
-0.4488
-0.4591
-0.4579
-0.4704
-0.4741
-0.4892
-0.5205
-0.5555
-0.5869
-0.6200
-0.6433
-0.6773
-0.7044
-0.7417
-0.7793
-0.8064
-0.8334
-0.8602
-0.8681
-0.8637
-0.8536
-0.8551
-0.8492
-0.8360
-0.8146
-0.8063
-0.8068
-0.8129
-0.7940
-0.7805
-0.7759
-0.7868
-0.8021
-0.7995
-0.7882
-0.7776
-0.7639
-0.7355
-0.7233
-0.7009
-0.6820
-0.6728
-0.6673
-0.6762
-0.6813
-0.6843
-0.6934
-0.6935
-0.6980
-0.7064
-0.6931
-0.6880
-0.6905
-0.6815
-0.6750
-0.6615
-0.6543
-0.6586
-0.6673
-0.6779
-0.6907
-0.6957
-0.7081
-0.7347
-0.7584
-0.7887
-0.8154
-0.8449
-0.8673
-0.8979
-0.9097
-0.9206
-0.9223
-0.9294
-0.9300
-0.9192
-0.9070
-0.9054
-0.8918
-0.8827
-0.9085
-0.9418
-0.9435
-0.9552
-0.9745
-1.0055
-1.0346
-1.0598
-1.0723
-1.0892
-1.1146
-1.1312
-1.1577
-1.1875
-1.2165
-1.2184
-1.2090
-1.1985
-1.1718
-1.1538
-1.1343
-1.1131
-1.0959
-1.0697
-1.0413
-1.0107
-0.9840
-0.9728
-0.9732
-0.9436
-0.9197
-0.8962
-0.8798
-0.8794
-0.8586
-0.8256
-0.8104
-0.7961
-0.7785
-0.7612
-0.7444
-0.7084
-0.6789
-0.6389
-0.6018
-0.5707
-0.5371
-0.5045
-0.4679
-0.4131
-0.3676
-0.3211
-0.2629
-0.1899
-0.1221
-0.0548
0.0042
0.0597
0.1091
0.1380
0.1735
0.2230
0.2580
0.3243
0.3916
0.4656
0.5560
0.6409
0.7131
0.7692
0.8071
0.8513
0.9059
0.9690
1.0328
1.0964
1.1642
1.2338
1.3027
1.3656
1.4293
1.4888
1.5484
1.6054
1.6643
1.7264
1.7852
1.8362
1.8837
1.9239
1.9582
1.9939
2.0330
2.0746
2.1115
2.1482
2.1803
2.2111
2.2404
2.2670
2.2901
2.3099
2.3244
2.3346
2.3398
2.3487
2.3606
2.3746
2.3905
2.4065
2.4206
2.4318
2.4453
2.4551
2.4578
2.4613
2.4616
2.4645
2.4648
2.4606
2.4516
2.4401
2.4271
2.4056
2.3807
2.3557
2.3287
2.3028
2.2756
2.2541
2.2333
2.2162
2.2027
2.1954
2.1893
2.1843
2.1791
2.1657
2.1534
2.1362
2.1180
2.0976
2.0710
2.0374
1.9987
1.9544
1.9047
1.8535
1.8031
1.7485
1.6854
1.6164
1.5466
1.4899
1.4281
1.3601
1.2942
1.2510
1.1972
1.1378
1.0660
1.0051
0.9447
0.8864
0.8298
0.7785
0.7054
0.6295
0.5537
0.4756
0.3893
0.2998
0.2266
0.1703
0.1027
0.0375
-0.0352
-0.1125
-0.1881
-0.2681
-0.3373
-0.4203
-0.5005
-0.5952
-0.6734
-0.7509
-0.8185
-0.8876
-0.9416
-0.9908
-1.0340
-1.0729
-1.0945
-1.1362
-1.1525
-1.1714
-1.1841
-1.1945
-1.2107
-1.2227
-1.2301
-1.2353
-1.2334
-1.2414
-1.2531
-1.2503
-1.2507
-1.2338
-1.2195
-1.2097
-1.2034
-1.2148
-1.2182
-1.2244
-1.2342
-1.2341
-1.2261
-1.2279
-1.2297
-1.2423
-1.2595
-1.2789
-1.2988
-1.3051
-1.3094
-1.3221
-1.3352
-1.3411
-1.3512
-1.3695
-1.3711
-1.3762
-1.3898
-1.4105
-1.4161
-1.4282
-1.4283
-1.4429
-1.4631
-1.4888
-1.5121
-1.5309
-1.5483
-1.5670
-1.5955
-1.6131
-1.6260
-1.6380
-1.6489
-1.6534
-1.6759
-1.7006
-1.7313
-1.7552
-1.7922
-1.8091
-1.8166
-1.8164
-1.8307
-1.8568
-1.8876
-1.9248
-1.9756
-2.0143
-2.0404
-2.0603
-2.0803
-2.1026
-2.1161
-2.1305
-2.1450
-2.1697
-2.1879
-2.2064
-2.2277
-2.2514
-2.2908
-2.3193
-2.3632
-2.3975
-2.4139
-2.4214
-2.4333
-2.4416
-2.4482
-2.4584
-2.4870
-2.5198
-2.5441
-2.5559
-2.5571
-2.5635
-2.5859
-2.6100
-2.6288
-2.6404
-2.6452
-2.6549
-2.6486
-2.6406
-2.6359
-2.6567
-2.6606
-2.6633
-2.6691
-2.6674
-2.6667
-2.6871
-2.6901
-2.7060
-2.7164
-2.7258
-2.7486
-2.7765
-2.7855
-2.7992
-2.7989
-2.8085
-2.8267
-2.8487
-2.8687
-2.8932
-2.9103
-2.9178
-2.9339
-2.9490
-2.9708
-2.9891
-3.0226
-3.0407
-3.0597
-3.0643
-3.0654
-3.0623
-3.0488
-3.0383
-3.0315
-3.0243
-3.0234
-3.0395
-3.0482
-3.0581
-3.0463
-3.0309
-3.0349
-3.0412
-3.0373
-3.0493
-3.0679
-3.0867
-3.1059
-3.1400
-3.1700
-3.1797
-3.1873
-3.1868
-3.1836
-3.1844
-3.1703
-3.1591
-3.1505
-3.1401
-3.1492
-3.1504
-3.1446
-3.1362
-3.1218
-3.1189
-3.1144
-3.1220
-3.1366
-3.1726
-3.2106
-3.2262
-3.2378
-3.2505
-3.2471
-3.2544
-3.2711
-3.2771
-3.2749
-3.2757
-3.2748
-3.2626
-3.2407
-3.2138
-3.1706
-3.1150
-3.0695
-3.0327
-2.9916
-2.9412
-2.9011
-2.8756
-2.8396
-2.8180
-2.7990
-2.7701
-2.7355
-2.7072
-2.6675
-2.6386
-2.6163
-2.5868
-2.5658
-2.5335
-2.4952
-2.4590
-2.4175
-2.3710
-2.3215
-2.2627
-2.2138
-2.1621
-2.1212
-2.0609
-2.0060
-1.9582
-1.9014
-1.8531
-1.7921
-1.7423
-1.6983
-1.6652
-1.6369
-1.6063
-1.5788
-1.5427
-1.5090
-1.4858
-1.4705
-1.4387
-1.4028
-1.3634
-1.3074
-1.2485
-1.1835
-1.1208
-1.0510
-0.9907
-0.9212
-0.8430
-0.7662
-0.6933
-0.6195
-0.5383
-0.4519
-0.3624
-0.2615
-0.1614
-0.0768
-0.0031
0.0774
0.1613
0.2349
0.3216
0.4209
0.5170
0.6042
0.7045
0.7921
0.8721
0.9536
1.0398
1.1014
1.1653
1.2216
1.2892
1.3462
1.3967
1.4501
1.5129
1.5917
1.6427
1.6877
1.7436
1.7816
1.8213
1.8643
1.9060
1.9551
2.0038
2.0431
2.0783
2.1111
2.1413
2.1824
2.2339
2.2814
2.3254
2.3768
2.4155
2.4486
2.4958
2.5514
2.6112
2.6509
2.6984
2.7296
2.7436
2.7501
2.7650
2.7874
2.8214
2.8603
2.9016
2.9395
2.9723
2.9918
3.0046
3.0172
3.0344
3.0568
3.0819
3.1059
3.1247
3.1331
3.1361
3.1358
3.1314
3.1254
3.1157
3.1000
3.0852
3.0710
3.0562
3.0409
3.0244
3.0050
2.9773
2.9430
2.9085
2.8740
2.8433
2.8118
2.7842
2.7615
2.7452
2.7046
2.6644
2.6178
2.5808
2.5325
2.4699
2.4095
2.3528
2.2941
2.2333
2.1717
2.1211
2.0598
1.9962
1.9192
1.8463
1.7709
1.7003
1.6174
1.5301
1.4438
1.3564
1.2765
1.1878
1.1190
1.0310
0.9366
0.8379
0.7253
0.6264
0.5291
0.4287
0.3372
0.2581
0.1697
0.0826
-0.0234
-0.1287
-0.2267
-0.3273
-0.4484
-0.5671
-0.6854
-0.7959
-0.9120
-1.0245
-1.1418
-1.2658
-1.4018
-1.5309
-1.6636
-1.7878
-1.9122
-2.0434
-2.1583
-2.2820
-2.3961
-2.4966
-2.5831
-2.6630
-2.7428
-2.8230
-2.8880
-2.9474
-2.9831
-3.0080
-3.0516
-3.0889
-3.1163
-3.1467
-3.1768
-3.1887
-3.2110
-3.2182
-3.2304
-3.2336
-3.2451
-3.2566
-3.2746
-3.3069
-3.3117
-3.3268
-3.3174
-3.3098
-3.3145
-3.3265
-3.3410
-3.3624
-3.3719
-3.3703
-3.3722
-3.3751
-3.3616
-3.3501
-3.3349
-3.3296
-3.3137
-3.2942
-3.2846
-3.2762
-3.2683
-3.2638
-3.2680
-3.2662
-3.2718
-3.2627
-3.2476
-3.2424
-3.2184
-3.1927
-3.1623
-3.1317
-3.1086
-3.0672
-3.0449
-3.0259
-3.0069
-2.9871
-2.9590
-2.9348
-2.9001
-2.8590
-2.8198
-2.7904
-2.7593
-2.7404
-2.7140
-2.6688
-2.6295
-2.5879
-2.5399
-2.5067
-2.4782
-2.4488
-2.4272
-2.3989
-2.3562
-2.3070
-2.2441
-2.2105
-2.1803
-2.1503
-2.1306
-2.1109
-2.0866
-2.0538
-2.0334
-1.9977
-1.9861
-1.9634
-1.9457
-1.9315
-1.9247
-1.9073
-1.8862
-1.8529
-1.8207
-1.7812
-1.7383
-1.6929
-1.6459
-1.6151
-1.5749
-1.5347
-1.4992
-1.4588
-1.4081
-1.3627
-1.3187
-1.2675
-1.2300
-1.1917
-1.1628
-1.1300
-1.1020
-1.0960
-1.1045
-1.1164
-1.1169
-1.1338
-1.1495
-1.1495
-1.1469
-1.1536
-1.1648
-1.1788
-1.1904
-1.2004
-1.2104
-1.2292
-1.2495
-1.2620
-1.2584
-1.2480
-1.2479
-1.2518
-1.2533
-1.2460
-1.2377
-1.2271
-1.2118
-1.2093
-1.1868
-1.1788
-1.1709
-1.1647
-1.1522
-1.1409
-1.1266
-1.1177
-1.1209
-1.1279
-1.1535
-1.1708
-1.2077
-1.2331
-1.2516
-1.2942
-1.3352
-1.3940
-1.4473
-1.5056
-1.5478
-1.6046
-1.6400
-1.6625
-1.6950
-1.7319
-1.7477
-1.7633
-1.7722
-1.7790
-1.7852
-1.7829
-1.7791
-1.7807
-1.7897
-1.7936
-1.8047
-1.8129
-1.8138
-1.8263
-1.8351
-1.8412
-1.8452
-1.8466
-1.8557
-1.8604
-1.8652
-1.8691
-1.8719
-1.8508
-1.8271
-1.8052
-1.7804
-1.7611
-1.7531
-1.7413
-1.7248
-1.7181
-1.7267
-1.7248
-1.7196
-1.7383
-1.7480
-1.7594
-1.7808
-1.7964
-1.8001
-1.8038
-1.7957
-1.7790
-1.7576
-1.7373
-1.7242
-1.7153
-1.7079
-1.6830
-1.6701
-1.6489
-1.6109
-1.5763
-1.5311
-1.4840
-1.4347
-1.3803
-1.3314
-1.2683
-1.2077
-1.1483
-1.0859
-1.0199
-0.9461
-0.8676
-0.7895
-0.7096
-0.6328
-0.5357
-0.4577
-0.3920
-0.3317
-0.2767
-0.2150
-0.1658
-0.1194
-0.0826
-0.0549
-0.0448
-0.0404
-0.0295
-0.0202
-0.0156
-0.0096
-0.0160
-0.0191
-0.0327
-0.0328
-0.0331
-0.0356
-0.0391
-0.0302
-0.0264
-0.0141
-0.0011
0.0001
0.0136
0.0389
0.0670
0.0871
0.1099
0.1534
0.1880
0.2225
0.2371
0.2639
0.2888
0.3130
0.3367
0.3800
0.4240
0.4724
0.5290
0.5824
0.6324
0.6755
0.7082
0.7360
0.7850
0.8226
0.8761
0.9314
0.9739
1.0181
1.0682
1.1289
1.1806
1.2405
1.3068
1.3729
1.4348
1.4922
1.5442
1.5938
1.6440
1.6997
1.7604
1.8257
1.8885
1.9467
1.9999
2.0495
2.0937
2.1337
2.1801
2.2319
2.2848
2.3377
2.3882
2.4262
2.4516
2.4725
2.4900
2.5026
2.5115
2.5230
2.5332
2.5495
2.5685
2.5863
2.6007
2.6133
2.6203
2.6182
2.6077
2.5943
2.5760
2.5567
2.5331
2.5074
2.4792
2.4547
2.4351
2.4125
2.3877
2.3623
2.3366
2.3177
2.3026
2.2875
2.2721
2.2494
2.2257
2.2020
2.1712
2.1360
2.0988
2.0522
2.0061
1.9568
1.9110
1.8666
1.8276
1.7884
1.7480
1.7014
1.6543
1.6051
1.5578
1.5097
1.4638
1.4177
1.3689
1.3193
1.2684
1.2146
1.1559
1.0897
1.0239
0.9557
0.8805
0.7970
0.7126
0.6283
0.5503
0.4871
0.4202
0.3526
0.2773
0.2105
0.1535
0.0941
0.0406
-0.0127
-0.0672
-0.1320
-0.2011
-0.2593
-0.3244
-0.4107
-0.4846
-0.5598
-0.6328
-0.7001
-0.7540
-0.8059
-0.8710
-0.9343
-0.9802
-1.0347
-1.1062
-1.1646
-1.2229
-1.2617
-1.2965
-1.3518
-1.3992
-1.4678
-1.5459
-1.5947
-1.6526
-1.7034
-1.7494
-1.7710
-1.7985
-1.8288
-1.8495
-1.8711
-1.8999
-1.9370
-1.9637
-1.9973
-2.0355
-2.0785
-2.1290
-2.1629
-2.2055
-2.2405
-2.2715
-2.3077
-2.3447
-2.3707
-2.3950
-2.4247
-2.4479
-2.4722
-2.4805
-2.4961
-2.5039
-2.4992
-2.4887
-2.4732
-2.4589
-2.4348
-2.3942
-2.3501
-2.2940
-2.2250
-2.1514
-2.0758
-2.0009
-1.9120
-1.8099
-1.7006
-1.6007
-1.4921
-1.3595
-1.2128
-1.0690
-0.9214
-0.7708
-0.6187
-0.4788
-0.3389
-0.1991
-0.0534
0.0929
0.2359
0.3689
0.4927
0.6064
0.7082
0.8023
0.8880
0.9706
1.0524
1.1361
1.2185
1.2994
1.3775
1.4525
1.5191
1.5824
1.6310
1.6717
1.7066
1.7429
1.7812
1.8232
1.8699
1.9134
1.9530
1.9855
2.0150
2.0447
2.0739
2.1017
2.1223
2.1344
2.1346
2.1266
2.1034
2.0749
2.0473
2.0124
1.9707
1.9260
1.8735
1.8129
1.7528
1.6922
1.6349
1.5750
1.5157
1.4492
1.3853
1.3179
1.2554
1.1985
1.1533
1.1138
1.0778
1.0477
1.0179
0.9851
0.9546
0.9342
0.9286
0.9381
0.9622
0.9891
1.0192
1.0475
1.0755
1.1047
1.1310
1.1540
1.1802
1.2087
1.2430
1.2768
1.3132
1.3431
1.3674
1.3881
1.3997
1.4110
1.4140
1.4167
1.4175
1.4168
1.4153
1.4127
1.4021
1.3890
1.3674
1.3418
1.3149
1.2959
1.2905
1.2988
1.3159
1.3396
1.3654
1.3893
1.4013
1.4086
1.4075
1.3991
1.3812
1.3539
1.3230
1.2869
1.2469
1.1980
1.1372
1.0641
0.9794
0.8847
0.7847
0.6830
0.5793
0.4752
0.3666
0.2506
0.1343
0.0100
-0.1220
-0.2619
-0.4166
-0.5839
-0.7607
-0.9457
-1.1293
-1.3070
-1.4702
-1.6112
-1.7630
-1.9075
-2.0556
-2.1913
-2.3059
-2.4091
-2.4763
-2.5332
-2.5522
-2.5660
-2.5797
-2.5910
-2.6042
-2.6290
-2.6388
-2.6691
-2.7177
-2.7636
-2.8333
-2.8865
-2.9467
-3.0093
-3.0558
-3.1091
-3.1470
-3.1743
-3.2054
-3.2484
-3.2627
-3.2738
-3.2723
-3.2733
-3.2646
-3.2530
-3.2468
-3.2234
-3.2092
-3.1947
-3.1708
-3.1654
-3.1649
-3.1628
-3.1514
-3.1572
-3.1558
-3.1478
-3.1299
-3.0983
-3.0789
-3.0574
-3.0431
-3.0273
-3.0214
-3.0186
-3.0195
-3.0104
-3.0105
-3.0018
-2.9781
-2.9518
-2.9302
-2.9027
-2.8861
-2.8573
-2.8278
-2.7787
-2.7106
-2.6563
-2.5930
-2.5325
-2.4543
-2.3997
-2.3498
-2.2846
-2.1987
-2.0981
-1.9934
-1.8814
-1.7714
-1.6634
-1.5568
-1.4555
-1.3621
-1.2722
-1.1849
-1.0966
-1.0119
-0.9322
-0.8570
-0.7867
-0.7255
-0.6692
-0.6166
-0.5720
-0.5320
-0.4952
-0.4551
-0.4123
-0.3627
-0.3040
-0.2415
-0.1785
-0.1176
-0.0558
0.0033
0.0601
0.1150
0.1681
0.2234
0.2792
0.3355
0.3917
0.4486
0.5040
0.5588
0.6070
0.6513
0.6947
0.7395
0.7902
0.8415
0.8904
0.9397
0.9847
1.0271
1.0674
1.1019
1.1294
1.1506
1.1666
1.1827
1.2008
1.2194
1.2426
1.2658
1.2860
1.3048
1.3198
1.3280
1.3341
1.3371
1.3410
1.3463
1.3486
1.3515
1.3600
1.3725
1.3850
1.3951
1.3988
1.3916
1.3808
1.3692
1.3563
1.3409
1.3214
1.2936
1.2612
1.2262
1.1940
1.1655
1.1395
1.1110
1.0755
1.0308
0.9801
0.9249
0.8746
0.8312
0.8041
0.7846
0.7701
0.7578
0.7421
0.7244
0.7042
0.6812
0.6557
0.6270
0.5986
0.5709
0.5456
0.5204
0.4980
0.4747
0.4485
0.4171
0.3847
0.3526
0.3143
0.2755
0.2340
0.1927
0.1555
0.1171
0.0781
0.0393
-0.0012
-0.0450
-0.0899
-0.1460
-0.2059
-0.2697
-0.3375
-0.4057
-0.4697
-0.5325
-0.5932
-0.6579
-0.7239
-0.7949
-0.8674
-0.9421
-1.0207
-1.1014
-1.1805
-1.2500
-1.3083
-1.3652
-1.4209
-1.4859
-1.5598
-1.6471
-1.7414
-1.8433
-1.9509
-2.0547
-2.1620
-2.2640
-2.3626
-2.4593
-2.5492
-2.6273
-2.6918
-2.7424
-2.7842
-2.8221
-2.8481
-2.8730
-2.8912
-2.8980
-2.9015
-2.9055
-2.9043
-2.9028
-2.8980
-2.8911
-2.8874
-2.8870
-2.8862
-2.8820
-2.8711
-2.8594
-2.8528
-2.8500
-2.8529
-2.8567
-2.8597
-2.8637
-2.8633
-2.8593
-2.8594
-2.8641
-2.8735
-2.8842
-2.8891
-2.8925
-2.8931
-2.8955
-2.9016
-2.9142
-2.9294
-2.9438
-2.9559
-2.9648
-2.9750
-2.9825
-2.9886
-2.9914
-2.9904
-2.9870
-2.9839
-2.9815
-2.9795
-2.9748
-2.9703
-2.9627
-2.9504
-2.9334
-2.9180
-2.9035
-2.8967
-2.8919
-2.8913
-2.8925
-2.8924
-2.8947
-2.8992
-2.9069
-2.9227
-2.9422
-2.9697
-3.0038
-3.0400
-3.0747
-3.1068
-3.1328
-3.1548
-3.1711
-3.1852
-3.2023
-3.2235
-3.2529
-3.2832
-3.3092
-3.3279
-3.3414
-3.3557
-3.3721
-3.3941
-3.4151
-3.4335
-3.4431
-3.4437
-3.4399
-3.4310
-3.4181
-3.4037
-3.3877
-3.3709
-3.3518
-3.3340
-3.3184
-3.3020
-3.2864
-3.2695
-3.2536
-3.2326
-3.2074
-3.1790
-3.1486
-3.1192
-3.0946
-3.0729
-3.0569
-3.0452
-3.0279
-3.0091
-2.9895
-2.9725
-2.9605
-2.9614
-2.9689
-2.9767
-2.9856
-2.9913
-2.9951
-2.9957
-2.9900
-2.9831
-2.9737
-2.9748
-2.9861
-3.0036
-3.0249
-3.0466
-3.0636
-3.0744
-3.0803
-3.0844
-3.0923
-3.1027
-3.1096
-3.1138
-3.1162
-3.1192
-3.1233
-3.1274
-3.1382
-3.1519
-3.1644
-3.1738
-3.1809
-3.1875
-3.1906
-3.1920
-3.1919
-3.1887
-3.1794
-3.1755
-3.1745
-3.1726
-3.1757
-3.1832
-3.1957
-3.2053
-3.2110
-3.2124
-3.2029
-3.1906
-3.1771
-3.1626
-3.1404
-3.1091
-3.0723
-3.0299
-2.9892
-2.9477
-2.9065
-2.8587
-2.8111
-2.7635
-2.7149
-2.6685
-2.6199
-2.5701
-2.5196
-2.4720
-2.4338
-2.4014
-2.3689
-2.3333
-2.2946
-2.2520
-2.2075
-2.1624
-2.1232
-2.0822
-2.0444
-2.0076
-1.9702
-1.9394
-1.9114
-1.8864
-1.8629
-1.8377
-1.8051
-1.7630
-1.7147
-1.6641
-1.6107
-1.5572
-1.4994
-1.4370
-1.3714
-1.3046
-1.2411
-1.1821
-1.1319
-1.0887
-1.0466
-1.0046
-0.9563
-0.9074
-0.8570
-0.8018
-0.7454
-0.6843
-0.6178
-0.5468
-0.4788
-0.4071
-0.3349
-0.2621
-0.1883
-0.1118
-0.0312
0.0524
0.1330
0.2090
0.2805
0.3496
0.4146
0.4839
0.5539
0.6290
0.7087
0.7935
0.8820
0.9777
1.0804
1.1909
1.3026
1.4151
1.5327
1.6603
1.7894
1.9222
2.0551
2.1874
2.3230
2.4618
2.6047
2.7464
2.8844
3.0184
3.1487
3.2734
3.3955
3.5175
3.6418
3.7631
3.8824
3.9933
4.1001
4.1995
4.2973
4.3911
4.4717
4.5422
4.5975
4.6456
4.6868
4.7181
4.7490
4.7769
4.8044
4.8279
4.8477
4.8647
4.8796
4.8927
4.9071
4.9194
4.9315
4.9453
4.9580
4.9693
4.9889
5.0109
5.0358
5.0590
5.0804
5.1035
5.1294
5.1492
5.1704
5.1822
5.1825
5.1811
5.1801
5.1823
5.1907
5.2051
5.2233
5.2390
5.2477
5.2525
5.2588
5.2680
5.2848
5.3103
5.3301
5.3485
5.3625
5.3709
5.3779
5.3827
5.3898
5.3950
5.3920
5.3809
5.3693
5.3620
5.3572
5.3564
5.3615
5.3656
5.3622
5.3520
5.3399
5.3258
5.3102
5.2945
5.2832
5.2807
5.2801
5.2839
5.2877
5.2839
5.2709
5.2528
5.2293
5.2135
5.2057
5.1992
5.1891
5.1775
5.1636
5.1390
5.1084
5.0801
5.0556
5.0395
5.0324
5.0301
5.0331
5.0334
5.0319
5.0365
5.0427
5.0448
5.0452
5.0438
5.0357
5.0325
5.0344
5.0414
5.0517
5.0628
5.0687
5.0684
5.0651
5.0551
5.0452
5.0350
5.0238
5.0125
4.9955
4.9718
4.9443
4.9101
4.8750
4.8409
4.8111
4.7815
4.7528
4.7277
4.7068
4.6940
4.6897
4.6951
4.7071
4.7246
4.7403
4.7576
4.7749
4.7825
4.7869
4.7862
4.7833
4.7819
4.7869
4.7905
4.7925
4.7954
4.7934
4.7822
4.7656
4.7457
4.7288
4.7174
4.7090
4.7002
4.6886
4.6629
4.6334
4.5959
4.5555
4.5196
4.4953
4.4834
4.4768
4.4748
4.4688
4.4574
4.4466
4.4300
4.4136
4.4010
4.3921
4.3822
4.3606
4.3269
4.2825
4.2351
4.1958
4.1625
4.1455
4.1363
4.1339
4.1247
4.1126
4.0867
4.0519
4.0004
3.9417
3.8663
3.7769
3.6753
3.5619
3.4444
3.3305
3.2260
3.1288
3.0349
2.9457
2.8594
2.7753
2.6908
2.6005
2.5047
2.3867
2.2523
2.0948
1.9213
1.7383
1.5534
1.3744
1.2018
1.0313
0.8577
0.6827
0.5136
0.3572
0.2151
0.0839
-0.0385
-0.1579
-0.2750
-0.3882
-0.4916
-0.5829
-0.6548
-0.7094
-0.7498
-0.7788
-0.7960
-0.8060
-0.8163
-0.8264
-0.8354
-0.8489
-0.8642
-0.8826
-0.9031
-0.9250
-0.9435
-0.9624
-0.9805
-1.0060
-1.0343
-1.0623
-1.0892
-1.1123
-1.1347
-1.1590
-1.1854
-1.2110
-1.2339
-1.2508
-1.2552
-1.2481
-1.2362
-1.2255
-1.2159
-1.2093
-1.2045
-1.2052
-1.2055
-1.2017
-1.1909
-1.1797
-1.1718
-1.1650
-1.1659
-1.1711
-1.1808
-1.1898
-1.1984
-1.2076
-1.2165
-1.2315
-1.2502
-1.2688
-1.2847
-1.2995
-1.3180
-1.3461
-1.3872
-1.4376
-1.4858
-1.5270
-1.5625
-1.5844
-1.6041
-1.6241
-1.6573
-1.6939
-1.7311
-1.7745
-1.8160
-1.8587
-1.9015
-1.9479
-1.9933
-2.0336
-2.0735
-2.1106
-2.1515
-2.1918
-2.2396
-2.2881
-2.3386
-2.3873
-2.4357
-2.4835
-2.5296
-2.5763
-2.6207
-2.6637
-2.7005
-2.7247
-2.7386
-2.7456
-2.7501
-2.7578
-2.7654
-2.7741
-2.7823
-2.7949
-2.8079
-2.8190
-2.8177
-2.8079
-2.7938
-2.7756
-2.7558
-2.7403
-2.7321
-2.7236
-2.7144
-2.7013
-2.6787
-2.6527
-2.6345
-2.6164
-2.6047
-2.5947
-2.5769
-2.5537
-2.5270
-2.5003
-2.4765
-2.4562
-2.4417
-2.4311
-2.4160
-2.3943
-2.3716
-2.3493
-2.3325
-2.3201
-2.3086
-2.2953
-2.2823
-2.2732
-2.2586
-2.2440
-2.2222
-2.1918
-2.1573
-2.1227
-2.0927
-2.0680
-2.0495
-2.0318
-2.0125
-1.9913
-1.9628
-1.9263
-1.8881
-1.8519
-1.8157
-1.7761
-1.7321
-1.6856
-1.6355
-1.5846
-1.5355
-1.4937
-1.4596
-1.4347
-1.4185
-1.4078
-1.3862
-1.3550
-1.3141
-1.2653
-1.2155
-1.1677
-1.1178
-1.0650
-1.0115
-0.9496
-0.8842
-0.8148
-0.7424
-0.6641
-0.5762
-0.4833
-0.3869
-0.2906
-0.2039
-0.1239
-0.0431
0.0339
0.1102
0.1852
0.2615
0.3364
0.4065
0.4712
0.5334
0.5826
0.6236
0.6589
0.6910
0.7235
0.7576
0.7995
0.8476
0.8941
0.9354
0.9709
1.0007
1.0329
1.0706
1.1077
1.1423
1.1722
1.1956
1.2151
1.2415
1.2744
1.3130
1.3497
1.3865
1.4191
1.4500
1.4796
1.5072
1.5372
1.5680
1.5961
1.6202
1.6406
1.6546
1.6647
1.6687
1.6678
1.6622
1.6573
1.6515
1.6559
1.6633
1.6672
1.6648
1.6587
1.6482
1.6319
1.6080
1.5844
1.5646
1.5453
1.5266
1.4981
1.4718
1.4461
1.4249
1.3997
1.3737
1.3430
1.3084
1.2778
1.2555
1.2292
1.2063
1.1862
1.1596
1.1232
1.0811
1.0306
0.9773
0.9297
0.8870
0.8443
0.7999
0.7484
0.6881
0.6240
0.5672
0.5106
0.4502
0.3873
0.3169
0.2516
0.1842
0.1227
0.0662
0.0157
-0.0351
-0.0827
-0.1282
-0.1803
-0.2350
-0.2902
-0.3475
-0.4042
-0.4564
-0.5041
-0.5515
-0.6040
-0.6677
-0.7284
-0.7830
-0.8302
-0.8718
-0.9104
-0.9455
-0.9776
-1.0137
-1.0568
-1.0996
-1.1372
-1.1664
-1.1919
-1.2117
-1.2263
-1.2499
-1.2781
-1.3073
-1.3431
-1.3785
-1.4146
-1.4495
-1.4855
-1.5116
-1.5296
-1.5458
-1.5552
-1.5586
-1.5586
-1.5650
-1.5668
-1.5687
-1.5731
-1.5781
-1.5900
-1.6064
-1.6271
-1.6506
-1.6685
-1.6888
-1.7038
-1.7166
-1.7299
-1.7410
-1.7606
-1.7820
-1.8031
-1.8157
-1.8173
-1.8096
-1.7966
-1.7878
-1.7790
-1.7710
-1.7594
-1.7406
-1.7130
-1.6810
-1.6470
-1.6190
-1.5996
-1.5882
-1.5799
-1.5726
-1.5605
-1.5425
-1.5204
-1.5015
-1.4854
-1.4702
-1.4552
-1.4423
-1.4282
-1.4138
-1.3985
-1.3771
-1.3516
-1.3284
-1.3074
-1.2957
-1.2884
-1.2874
-1.2917
-1.2989
-1.3097
-1.3170
-1.3194
-1.3162
-1.3068
-1.2978
-1.2925
-1.2932
-1.2965
-1.3011
-1.3012
-1.2929
-1.2755
-1.2535
-1.2289
-1.1997
-1.1716
-1.1515
-1.1348
-1.1225
-1.1139
-1.1142
-1.1100
-1.1022
-1.0941
-1.0861
-1.0771
-1.0728
-1.0724
-1.0805
-1.0941
-1.1091
-1.1186
-1.1261
-1.1328
-1.1424
-1.1476
-1.1504
-1.1455
-1.1298
-1.1087
-1.0858
-1.0574
-1.0299
-0.9986
-0.9645
-0.9256
-0.8836
-0.8458
-0.8182
-0.7967
-0.7769
-0.7510
-0.7178
-0.6842
-0.6475
-0.6071
-0.5681
-0.5313
-0.5036
-0.4855
-0.4753
-0.4666
-0.4543
-0.4340
-0.4056
-0.3759
-0.3477
-0.3212
-0.3011
-0.2796
-0.2580
-0.2394
-0.2257
-0.2131
-0.2035
-0.1988
-0.1941
-0.1874
-0.1826
-0.1865
-0.1947
-0.2112
-0.2255
-0.2461
-0.2631
-0.2753
-0.2882
-0.3018
-0.3169
-0.3266
-0.3365
-0.3426
-0.3494
-0.3590
-0.3711
-0.3814
-0.3862
-0.3818
-0.3697
-0.3528
-0.3348
-0.3240
-0.3190
-0.3158
-0.3079
-0.3038
-0.2962
-0.2828
-0.2683
-0.2461
-0.2199
-0.1939
-0.1700
-0.1504
-0.1356
-0.1231
-0.1070
-0.0886
-0.0620
-0.0325
0.0013
0.0356
0.0648
0.0866
0.1078
0.1324
0.1593
0.1913
0.2236
0.2480
0.2682
0.2783
0.2846
0.2849
0.2886
0.2982
0.3133
0.3351
0.3533
0.3719
0.3914
0.4098
0.4276
0.4508
0.4769
0.5033
0.5336
0.5634
0.5964
0.6264
0.6522
0.6729
0.6901
0.7081
0.7237
0.7382
0.7530
0.7722
0.7984
0.8259
0.8535
0.8867
0.9190
0.9456
0.9686
0.9895
1.0151
1.0444
1.0744
1.1068
1.1472
1.1843
1.2194
1.2480
1.2664
1.2738
1.2775
1.2756
1.2703
1.2657
1.2544
1.2394
1.2200
1.2053
1.1929
1.1791
1.1623
1.1482
1.1373
1.1332
1.1272
1.1273
1.1352
1.1515
1.1675
1.1854
1.1987
1.2135
1.2316
1.2562
1.2869
1.3252
1.3725
1.4168
1.4572
1.4957
1.5312
1.5682
1.6076
1.6502
1.6937
1.7348
1.7749
1.8160
1.8662
1.9164
1.9622
2.0096
2.0508
2.0932
2.1284
2.1655
2.2023
2.2437
2.2865
2.3287
2.3632
2.3966
2.4316
2.4617
2.4982
2.5402
2.5815
2.6156
2.6513
2.6838
2.7197
2.7567
2.7919
2.8259
2.8620
2.8994
2.9333
2.9645
2.9975
3.0252
3.0531
3.0878
3.1266
3.1668
3.2076
3.2369
3.2570
3.2705
3.2855
3.3057
3.3258
3.3465
3.3699
3.3943
3.4135
3.4257
3.4316
3.4350
3.4308
3.4184
3.4013
3.3815
3.3605
3.3407
3.3245
3.3078
3.2884
3.2715
3.2546
3.2426
3.2341
3.2268
3.2263
3.2290
3.2268
3.2297
3.2250
3.2120
3.2002
3.1876
3.1726
3.1547
3.1412
3.1275
3.1168
3.1144
3.1164
3.1170
3.1133
3.1051
3.0880
3.0614
3.0307
2.9950
2.9619
2.9207
2.8797
2.8396
2.8007
2.7572
2.7035
2.6432
2.5793
2.5096
2.4384
2.3603
2.2759
2.1881
2.1011
2.0152
1.9322
1.8449
1.7542
1.6588
1.5615
1.4584
1.3561
1.2582
1.1674
1.0892
1.0209
0.9630
0.9093
0.8635
0.8169
0.7690
0.7184
0.6698
0.6188
0.5686
0.5169
0.4583
0.4007
0.3330
0.2627
0.1936
0.1243
0.0590
-0.0077
-0.0705
-0.1265
-0.1780
-0.2299
-0.2801
-0.3284
-0.3785
-0.4288
-0.4835
-0.5402
-0.5901
-0.6330
-0.6717
-0.7002
-0.7238
-0.7387
-0.7573
-0.7716
-0.7779
-0.7788
-0.7789
-0.7784
-0.7685
-0.7557
-0.7528
-0.7573
-0.7607
-0.7617
-0.7638
-0.7679
-0.7721
-0.7755
-0.7805
-0.7870
-0.7999
-0.8159
-0.8325
-0.8484
-0.8622
-0.8648
-0.8645
-0.8642
-0.8680
-0.8720
-0.8735
-0.8736
-0.8695
-0.8717
-0.8781
-0.8869
-0.9012
-0.9073
-0.9082
-0.8996
-0.8866
-0.8729
-0.8627
-0.8603
-0.8583
-0.8537
-0.8471
-0.8380
-0.8279
-0.8162
-0.8061
-0.8002
-0.8020
-0.8106
-0.8178
-0.8183
-0.8135
-0.8086
-0.8032
-0.8009
-0.8013
-0.8043
-0.8054
-0.8083
-0.8110
-0.8131
-0.8147
-0.8209
-0.8255
-0.8290
-0.8266
-0.8252
-0.8180
-0.8114
-0.8023
-0.7865
-0.7713
-0.7529
-0.7316
-0.7140
-0.6958
-0.6734
-0.6503
-0.6226
-0.5878
-0.5480
-0.5069
-0.4728
-0.4469
-0.4244
-0.4091
-0.3915
-0.3746
-0.3558
-0.3436
-0.3350
-0.3289
-0.3202
-0.3175
-0.3133
-0.3059
-0.3006
-0.2934
-0.2863
-0.2830
-0.2792
-0.2728
-0.2615
-0.2490
-0.2321
-0.2139
-0.1991
-0.1790
-0.1629
-0.1448
-0.1264
-0.1086
-0.0916
-0.0706
-0.0388
0.0043
0.0536
0.1030
0.1479
0.1894
0.2262
0.2662
0.3047
0.3398
0.3662
0.3937
0.4201
0.4459
0.4739
0.5043
0.5322
0.5604
0.5826
0.6002
0.6117
0.6191
0.6215
0.6205
0.6082
0.5899
0.5659
0.5364
0.5050
0.4745
0.4535
0.4381
0.4271
0.4182
0.4012
0.3826
0.3643
0.3509
0.3435
0.3410
0.3417
0.3477
0.3558
0.3621
0.3646
0.3663
0.3753
0.3856
0.3975
0.4019
0.3976
0.3825
0.3622
0.3420
0.3260
0.3112
0.2964
0.2841
0.2682
0.2434
0.2091
0.1722
0.1343
0.1069
0.0897
0.0801
0.0809
0.0841
0.0881
0.0894
0.0849
0.0736
0.0680
0.0742
0.0818
0.0915
0.0999
0.1038
0.1040
0.1038
0.1081
0.1242
0.1490
0.1796
0.2151
0.2533
0.2905
0.3224
0.3584
0.3953
0.4310
0.4666
0.4921
0.5133
0.5340
0.5615
0.5841
0.6026
0.6243
0.6446
0.6600
0.6714
0.6883
0.7019
0.7137
0.7246
0.7328
0.7447
0.7573
0.7787
0.8033
0.8260
0.8464
0.8726
0.9018
0.9350
0.9700
1.0090
1.0446
1.0724
1.0922
1.1074
1.1240
1.1356
1.1499
1.1621
1.1697
1.1686
1.1652
1.1636
1.1648
1.1709
1.1797
1.1834
1.1784
1.1771
1.1820
1.1876
1.1927
1.1929
1.1926
1.1912
1.1879
1.1914
1.1983
1.2144
1.2408
1.2685
1.2974
1.3236
1.3482
1.3653
1.3789
1.3863
1.3944
1.4125
1.4334
1.4636
1.5037
1.5476
1.5866
1.6130
1.6282
1.6407
1.6573
1.6822
1.7137
1.7477
1.7741
1.8037
1.8331
1.8617
1.8949
1.9344
1.9700
2.0018
2.0262
2.0488
2.0739
2.1009
2.1305
2.1584
2.1928
2.2255
2.2612
2.3002
2.3415
2.3838
2.4210
2.4531
2.4806
2.5051
2.5227
2.5390
2.5572
2.5789
2.6021
2.6286
2.6488
2.6666
2.6875
2.7048
2.7264
2.7495
2.7686
2.7814
2.7862
2.7840
2.7862
2.7885
2.7895
2.7855
2.7793
2.7739
2.7614
2.7492
2.7298
2.7052
2.6758
2.6493
2.6268
2.6059
2.5934
2.5819
2.5773
2.5789
2.5748
2.5758
2.5834
2.5896
2.5965
2.6112
2.6326
2.6622
2.6861
2.7073
2.7229
2.7294
2.7278
2.7232
2.7193
2.7191
2.7201
2.7178
2.7091
2.6904
2.6675
2.6379
2.6004
2.5601
2.5107
2.4550
2.3857
2.3110
2.2374
2.1648
2.0953
2.0210
1.9445
1.8600
1.7647
1.6695
1.5827
1.5095
1.4404
1.3750
1.3044
1.2244
1.1405
1.0615
0.9919
0.9274
0.8632
0.8063
0.7547
0.7102
0.6741
0.6424
0.6070
0.5707
0.5336
0.4912
0.4422
0.3958
0.3583
0.3294
0.3067
0.2910
0.2730
0.2499
0.2245
0.1900
0.1441
0.0928
0.0420
-0.0111
-0.0561
-0.0996
-0.1378
-0.1710
-0.1926
-0.2102
-0.2189
-0.2295
-0.2437
-0.2594
-0.2712
-0.2815
-0.2926
-0.2978
-0.2929
-0.2826
-0.2693
-0.2624
-0.2594
-0.2644
-0.2733
-0.2810
-0.2896
-0.2978
-0.3058
-0.3162
-0.3210
-0.3241
-0.3234
-0.3204
-0.3068
-0.2864
-0.2629
-0.2377
-0.2186
-0.1995
-0.1776
-0.1554
-0.1394
-0.1269
-0.1173
-0.1108
-0.1023
-0.1021
-0.1049
-0.1087
-0.1077
-0.0955
-0.0779
-0.0589
-0.0506
-0.0529
-0.0646
-0.0807
-0.1003
-0.1120
-0.1183
-0.1149
-0.1048
-0.0911
-0.0828
-0.0750
-0.0636
-0.0552
-0.0404
-0.0211
-0.0080
-0.0018
-0.0044
-0.0091
-0.0167
-0.0200
-0.0241
-0.0253
-0.0219
-0.0245
-0.0288
-0.0344
-0.0376
-0.0406
-0.0474
-0.0509
-0.0584
-0.0626
-0.0619
-0.0537
-0.0475
-0.0460
-0.0442
-0.0443
-0.0438
-0.0437
-0.0371
-0.0302
-0.0215
-0.0161
-0.0066
0.0004
0.0068
0.0074
0.0059
0.0042
0.0035
0.0051
0.0066
0.0045
0.0070
0.0101
0.0114
0.0151
0.0090
-0.0003
-0.0162
-0.0270
-0.0396
-0.0501
-0.0527
-0.0512
-0.0471
-0.0430
-0.0362
-0.0227
-0.0002
0.0227
0.0487
0.0706
0.0829
0.0847
0.0832
0.0807
0.0863
0.0940
0.1056
0.1114
0.1161
0.1166
0.1058
0.0967
0.0864
0.0812
0.0775
0.0789
0.0793
0.0739
0.0615
0.0475
0.0293
0.0141
0.0058
0.0019
-0.0015
-0.0002
0.0080
0.0184
0.0268
0.0331
0.0359
0.0271
0.0120
-0.0024
-0.0059
0.0067
0.0183
0.0291
0.0304
0.0196
-0.0013
-0.0192
-0.0288
-0.0335
-0.0347
-0.0398
-0.0437
-0.0543
-0.0674
-0.0767
-0.0853
-0.0958
-0.1047
-0.1143
-0.1250
-0.1382
-0.1545
-0.1729
-0.1876
-0.2028
-0.2177
-0.2307
-0.2440
-0.2563
-0.2691
-0.2841
-0.2961
-0.3120
-0.3287
-0.3473
-0.3691
-0.3896
-0.4034
-0.4141
-0.4250
-0.4383
-0.4519
-0.4735
-0.4982
-0.5215
-0.5522
-0.5769
-0.5975
-0.6166
-0.6381
-0.6597
-0.6810
-0.7048
-0.7238
-0.7448
-0.7691
-0.7974
-0.8333
-0.8725
-0.9114
-0.9430
-0.9701
-0.9916
-1.0057
-1.0086
-1.0015
-0.9904
-0.9720
-0.9516
-0.9350
-0.9152
-0.9020
-0.8906
-0.8828
-0.8768
-0.8751
-0.8777
-0.8828
-0.8853
-0.8832
-0.8678
-0.8430
-0.8164
-0.7951
-0.7757
-0.7630
-0.7574
-0.7516
-0.7463
-0.7402
-0.7325
-0.7223
-0.7087
-0.6962
-0.6838
-0.6760
-0.6630
-0.6391
-0.6115
-0.5838
-0.5558
-0.5317
-0.5138
-0.4990
-0.4858
-0.4716
-0.4491
-0.4296
-0.4129
-0.3975
-0.3810
-0.3610
-0.3329
-0.2998
-0.2662
-0.2294
-0.1922
-0.1578
-0.1167
-0.0756
-0.0375
-0.0043
0.0233
0.0479
0.0634
0.0789
0.0888
0.0984
0.1063
0.1172
0.1361
0.1616
0.1870
0.2084
0.2274
0.2497
0.2739
0.2980
0.3235
0.3543
0.3885
0.4276
0.4658
0.4981
0.5318
0.5608
0.5857
0.6083
0.6273
0.6422
0.6542
0.6589
0.6582
0.6623
0.6710
0.6850
0.7078
0.7291
0.7448
0.7589
0.7644
0.7672
0.7694
0.7728
0.7786
0.7861
0.7939
0.8072
0.8244
0.8451
0.8630
0.8782
0.8866
0.8918
0.8949
0.8999
0.9103
0.9289
0.9443
0.9664
0.9895
1.0135
1.0278
1.0350
1.0375
1.0426
1.0470
1.0475
1.0399
1.0213
0.9983
0.9755
0.9583
0.9478
0.9395
0.9309
0.9173
0.9039
0.8891
0.8734
0.8540
0.8285
0.7957
0.7587
0.7163
0.6736
0.6304
0.5840
0.5397
0.4895
0.4414
0.3882
0.3342
0.2771
0.2154
0.1557
0.0960
0.0317
-0.0409
-0.1207
-0.2018
-0.2799
-0.3524
-0.4207
-0.4860
-0.5430
-0.5963
-0.6458
-0.6924
-0.7391
-0.7857
-0.8378
-0.8961
-0.9510
-1.0008
-1.0444
-1.0795
-1.1104
-1.1351
-1.1588
-1.1832
-1.2057
-1.2285
-1.2483
-1.2647
-1.2845
-1.3092
-1.3311
-1.3530
-1.3737
-1.3878
-1.4051
-1.4198
-1.4323
-1.4409
-1.4440
-1.4397
-1.4320
-1.4259
-1.4263
-1.4266
-1.4275
-1.4271
-1.4223
-1.4176
-1.4146
-1.4168
-1.4251
-1.4354
-1.4453
-1.4530
-1.4585
-1.4697
-1.4876
-1.5113
-1.5356
-1.5623
-1.5879
-1.6085
-1.6291
-1.6434
-1.6534
-1.6569
// ADCData
0.0000
0.4583
0.3542
0.3333
0.3750
0.4375
0.2083
0.3750
0.4167
0.0833
0.1042
0.1875
0.1250
0.0625
0.0833
0.1458
0.0625
0.0208
0.0417
0.0417
0.0417
0.0208
0.0208
0.2500
0.5625
0.6042
0.6875
0.5208
0.7500
0.5000
0.8542
0.8125
1.0000
0.6875
0.8750
1.0208
0.7292
0.8333
0.8125
0.6042
0.6250
0.8750
1.2292
1.1250
0.8958
0.7708
1.6042
1.3542
1.6875
1.1667
1.1458
1.2500
1.2292
1.3958
1.2917
1.1042
1.3333
1.3958
1.3125
1.1250
1.3333
2.0625
2.8333
2.0208
1.8750
2.5417
1.9583
1.2917
1.4583
2.3333
2.8333
3.5208
2.0833
1.4375
1.7083
2.4375
1.9167
1.1042
1.7500
1.2292
1.4792
1.7083
1.7083
1.4583
0.6042
0.5833
0.5417
0.7500
0.4792
0.6667
0.6458
0.6667
0.7292
0.7917
1.2708
1.1667
1.2500
1.3542
1.2292
0.7708
0.3958
// BACData
0.0000
0.4583
0.8125
1.1458
1.5208
1.9583
2.1667
2.5417
2.9583
3.0417
3.1458
3.3333
3.4583
3.5208
3.6042
3.7500
3.8125
3.8333
3.8750
3.9167
3.9583
3.9792
4.0000
4.2500
4.8125
5.4167
6.1042
6.6250
7.3750
7.8750
8.7292
9.5417
10.5417
11.2292
12.1042
13.1250
13.8542
14.6875
15.5000
16.1042
16.7292
17.6042
18.8333
19.9583
20.8542
21.6250
23.2292
24.5833
26.2708
27.4375
28.5833
29.8333
31.0625
32.4583
33.7500
34.8542
36.1875
37.5833
38.8958
40.0208
41.3542
43.4167
46.2500
48.2708
50.1458
52.6875
54.6458
55.9375
57.3958
59.7292
62.5625
66.0833
68.1667
69.6042
71.3125
73.7500
75.6667
76.7708
78.5208
79.7500
81.2292
82.9375
84.6458
86.1042
86.7083
87.2917
87.8333
88.5833
89.0625
89.7292
90.3750
91.0417
91.7708
92.5625
93.8333
95.0000
96.2500
97.6042
98.8333
99.6042
100.0000
