// Header
Version;SJ-210 V.1.100
Date;2026/02/17,13:58:08
Mode;ALL
// Condition
Standard;ISO1997
Profile;R
Filter;GAUSS
Lc;0.8;mm
Ls;2.5;um
N;3
Pre_Length;OFF
Speed;0.5
Range;AUTO
GO/NG;Average
Pitch;0.5;um
// CalcResult
Ra;1.054;um;;
Rq;1.256;um;;
Rz;5.092;um;;
// CalcData
4800
Z
-1.3298
-1.3190
-1.3095
-1.3049
-1.3067
-1.3156
-1.3292
-1.3463
-1.3718
-1.4057
-1.4551
-1.5142
-1.5755
-1.6365
-1.6888
-1.7367
-1.7777
-1.8099
-1.8383
-1.8623
-1.8879
-1.9137
-1.9425
-1.9681
-1.9910
-2.0047
-2.0103
-2.0052
-1.9916
-1.9739
-1.9579
-1.9402
-1.9220
-1.9111
-1.9090
-1.9076
-1.9123
-1.9213
-1.9310
-1.9495
-1.9737
-1.9998
-2.0237
-2.0484
-2.0759
-2.1040
-2.1345
-2.1663
-2.1963
-2.2301
-2.2656
-2.3016
-2.3349
-2.3621
-2.3808
-2.3915
-2.3937
-2.3925
-2.3846
-2.3719
-2.3517
-2.3221
-2.2900
-2.2644
-2.2498
-2.2403
-2.2322
-2.2281
-2.2293
-2.2369
-2.2491
-2.2692
-2.2990
-2.3288
-2.3530
-2.3730
-2.3880
-2.3988
-2.4104
-2.4275
-2.4541
-2.4863
-2.5188
-2.5416
-2.5501
-2.5459
-2.5351
-2.5188
-2.5020
-2.4858
-2.4669
-2.4472
-2.4304
-2.4163
-2.3987
-2.3782
-2.3571
-2.3291
-2.2976
-2.2579
-2.2183
-2.1786
-2.1439
-2.1083
-2.0769
-2.0429
-2.0074
-1.9684
-1.9259
-1.8823
-1.8425
-1.8025
-1.7616
-1.7192
-1.6785
-1.6365
-1.5925
-1.5503
-1.5088
-1.4653
-1.4193
-1.3668
-1.3123
-1.2605
-1.2107
-1.1644
-1.1228
-1.0805
-1.0390
-0.9929
-0.9432
-0.8887
-0.8387
-0.7951
-0.7519
-0.7095
-0.6765
-0.6474
-0.6168
-0.5864
-0.5532
-0.5181
-0.4811
-0.4464
-0.4077
-0.3620
-0.3159
-0.2734
-0.2408
-0.2208
-0.2057
-0.1893
-0.1688
-0.1482
-0.1229
-0.0969
-0.0780
-0.0620
-0.0423
-0.0255
-0.0116
0.0049
0.0221
0.0386
0.0579
0.0760
0.0956
0.1208
0.1438
0.1650
0.1813
0.1912
0.1966
0.2000
0.2062
0.2096
0.2165
0.2352
0.2627
0.2980
0.3359
0.3741
0.4145
0.4600
0.5069
0.5608
0.6189
0.6823
0.7447
0.8136
0.8814
0.9543
1.0257
1.1002
1.1770
1.2550
1.3385
1.4259
1.5119
1.6044
1.7044
1.7999
1.8902
1.9769
2.0639
2.1540
2.2432
2.3251
2.3962
2.4656
2.5290
2.5818
2.6250
2.6511
2.6638
2.6691
2.6717
2.6705
2.6629
2.6458
2.6102
2.5693
2.5266
2.4845
2.4523
2.4239
2.3945
2.3638
2.3334
2.3044
2.2814
2.2636
2.2458
2.2207
2.1864
2.1511
2.1158
2.0905
2.0765
2.0656
2.0521
2.0364
2.0155
2.0000
1.9906
1.9879
1.9954
2.0089
2.0255
2.0457
2.0670
2.0894
2.1080
2.1291
2.1497
2.1653
2.1801
2.2027
2.2250
2.2522
2.2770
2.2997
2.3180
2.3264
2.3307
2.3365
2.3449
2.3599
2.3766
2.3972
2.4193
2.4316
2.4345
2.4258
2.4075
2.3846
2.3560
2.3271
2.3006
2.2755
2.2555
2.2348
2.2150
2.1982
2.1755
2.1473
2.1092
2.0676
2.0190
1.9593
1.8888
1.8100
1.7234
1.6345
1.5530
1.4817
1.4175
1.3544
1.2937
1.2293
1.1621
1.0931
1.0240
0.9609
0.9048
0.8538
0.8049
0.7593
0.7180
0.6768
0.6420
0.6029
0.5655
0.5285
0.4897
0.4539
0.4190
0.3865
0.3543
0.3175
0.2818
0.2465
0.2162
0.1915
0.1772
0.1693
0.1693
0.1712
0.1764
0.1842
0.1888
0.1894
0.1897
0.1920
0.1981
0.2097
0.2296
0.2498
0.2674
0.2849
0.2977
0.3094
0.3225
0.3353
0.3507
0.3754
0.4076
0.4475
0.4915
0.5372
0.5754
0.6072
0.6387
0.6664
0.6899
0.7142
0.7412
0.7598
0.7694
0.7764
0.7729
0.7610
0.7433
0.7318
0.7205
0.7080
0.6978
0.6836
0.6654
0.6410
0.6124
0.5805
0.5461
0.5140
0.4882
0.4630
0.4361
0.4126
0.3836
0.3489
0.3101
0.2753
0.2504
0.2313
0.2214
0.2146
0.2102
0.2046
0.1945
0.1844
0.1707
0.1599
0.1573
0.1634
0.1697
0.1808
0.1953
0.2145
0.2315
0.2478
0.2659
0.2884
0.3145
0.3412
0.3690
0.3976
0.4222
0.4488
0.4724
0.4952
0.5245
0.5555
0.5907
0.6299
0.6673
0.7030
0.7369
0.7716
0.8028
0.8427
0.8833
0.9206
0.9507
0.9861
1.0189
1.0536
1.0884
1.1240
1.1559
1.1835
1.2013
1.2032
1.2000
1.1920
1.1791
1.1635
1.1414
1.1127
1.0826
1.0621
1.0496
1.0372
1.0249
1.0166
1.0097
1.0076
1.0107
1.0222
1.0411
1.0630
1.0848
1.1021
1.1148
1.1295
1.1519
1.1839
1.2231
1.2632
1.2981
1.3221
1.3440
1.3662
1.3888
1.4098
1.4292
1.4550
1.4755
1.4867
1.4904
1.4907
1.4868
1.4813
1.4723
1.4682
1.4653
1.4606
1.4518
1.4371
1.4171
1.3967
1.3899
1.3914
1.3971
1.4109
1.4262
1.4344
1.4413
1.4521
1.4657
1.4800
1.4902
1.4984
1.5003
1.5057
1.5128
1.5302
1.5544
1.5709
1.5810
1.5870
1.5896
1.5902
1.5901
1.5822
1.5657
1.5346
1.4956
1.4539
1.4199
1.3933
1.3764
1.3647
1.3514
1.3331
1.3113
1.2850
1.2612
1.2409
1.2255
1.2223
1.2261
1.2365
1.2483
1.2585
1.2759
1.2911
1.3077
1.3210
1.3320
1.3449
1.3522
1.3533
1.3479
1.3360
1.3194
1.3006
1.2856
1.2755
1.2675
1.2557
1.2340
1.2052
1.1710
1.1350
1.0985
1.0642
1.0347
1.0069
0.9769
0.9417
0.9064
0.8685
0.8320
0.7900
0.7411
0.6909
0.6417
0.5939
0.5413
0.4852
0.4240
0.3612
0.2961
0.2287
0.1617
0.1020
0.0449
-0.0078
-0.0572
-0.1094
-0.1603
-0.2051
-0.2462
-0.2829
-0.3128
-0.3400
-0.3581
-0.3776
-0.3898
-0.3934
-0.3919
-0.3859
-0.3758
-0.3568
-0.3404
-0.3239
-0.3094
-0.2928
-0.2682
-0.2282
-0.1732
-0.1077
-0.0427
0.0193
0.0769
0.1318
0.1861
0.2371
0.2910
0.3414
0.3891
0.4301
0.4693
0.5078
0.5432
0.5818
0.6147
0.6395
0.6528
0.6622
0.6758
0.6876
0.7017
0.7188
0.7376
0.7640
0.8006
0.8389
0.8756
0.9061
0.9271
0.9417
0.9511
0.9625
0.9751
0.9881
1.0027
1.0153
1.0201
1.0254
1.0305
1.0283
1.0279
1.0321
1.0429
1.0625
1.0835
1.1028
1.1147
1.1197
1.1235
1.1292
1.1346
1.1395
1.1384
1.1283
1.1034
1.0641
1.0180
0.9669
0.9139
0.8645
0.8163
0.7712
0.7362
0.7024
0.6687
0.6332
0.5907
0.5369
0.4829
0.4273
0.3721
0.3149
0.2524
0.1850
0.1071
0.0257
-0.0473
-0.1047
-0.1373
-0.1512
-0.1531
-0.1455
-0.1361
-0.1305
-0.1248
-0.1182
-0.1038
-0.0841
-0.0645
-0.0470
-0.0351
-0.0393
-0.0452
-0.0452
-0.0400
-0.0225
-0.0023
0.0184
0.0433
0.0657
0.0874
0.1078
0.1324
0.1514
0.1747
0.1959
0.2212
0.2520
0.2838
0.3165
0.3465
0.3684
0.3813
0.3857
0.3850
0.3789
0.3664
0.3528
0.3420
0.3231
0.2975
0.2676
0.2261
0.1769
0.1226
0.0632
0.0035
-0.0557
-0.1111
-0.1692
-0.2281
-0.2892
-0.3497
-0.4123
-0.4778
-0.5398
-0.6012
-0.6567
-0.7169
-0.7773
-0.8413
-0.9055
-0.9688
-1.0351
-1.0998
-1.1611
-1.2194
-1.2711
-1.3179
-1.3684
-1.4219
-1.4755
-1.5269
-1.5688
-1.6004
-1.6334
-1.6741
-1.7196
-1.7673
-1.8061
-1.8376
-1.8668
-1.8890
-1.9055
-1.9168
-1.9252
-1.9331
-1.9427
-1.9577
-1.9770
-1.9949
-2.0051
-2.0051
-1.9975
-1.9872
-1.9836
-1.9879
-1.9933
-2.0000
-2.0042
-2.0017
-1.9895
-1.9723
-1.9487
-1.9292
-1.9171
-1.9108
-1.9090
-1.9070
-1.8994
-1.8817
-1.8602
-1.8388
-1.8245
-1.8181
-1.8187
-1.8224
-1.8273
-1.8244
-1.8073
-1.7797
-1.7440
-1.7084
-1.6769
-1.6541
-1.6333
-1.6090
-1.5782
-1.5408
-1.4967
-1.4562
-1.4225
-1.3977
-1.3839
-1.3719
-1.3600
-1.3426
-1.3206
-1.2995
-1.2743
-1.2449
-1.2057
-1.1568
-1.0997
-1.0315
-0.9591
-0.8914
-0.8330
-0.7816
-0.7399
-0.7019
-0.6658
-0.6309
-0.6018
-0.5816
-0.5721
-0.5651
-0.5628
-0.5596
-0.5573
-0.5605
-0.5667
-0.5785
-0.5960
-0.6237
-0.6566
-0.6940
-0.7243
-0.7438
-0.7540
-0.7610
-0.7635
-0.7714
-0.7826
-0.7949
-0.8161
-0.8419
-0.8738
-0.9066
-0.9341
-0.9576
-0.9800
-0.9999
-1.0096
-1.0158
-1.0174
-1.0194
-1.0303
-1.0416
-1.0515
-1.0581
-1.0609
-1.0658
-1.0669
-1.0657
-1.0671
-1.0754
-1.0847
-1.0856
-1.0809
-1.0754
-1.0687
-1.0534
-1.0333
-1.0070
-0.9758
-0.9462
-0.9164
-0.8883
-0.8659
-0.8381
-0.8072
-0.7780
-0.7483
-0.7188
-0.6905
-0.6702
-0.6493
-0.6232
-0.5926
-0.5575
-0.5202
-0.4828
-0.4486
-0.4170
-0.3900
-0.3663
-0.3386
-0.3103
-0.2852
-0.2610
-0.2416
-0.2235
-0.2077
-0.1924
-0.1729
-0.1465
-0.1171
-0.0871
-0.0656
-0.0527
-0.0510
-0.0532
-0.0516
-0.0397
-0.0200
0.0038
0.0302
0.0596
0.0797
0.0902
0.0984
0.1015
0.0988
0.0922
0.0896
0.0921
0.0971
0.1084
0.1213
0.1391
0.1537
0.1645
0.1703
0.1671
0.1626
0.1624
0.1591
0.1624
0.1693
0.1857
0.2017
0.2149
0.2300
0.2458
0.2617
0.2796
0.2979
0.3173
0.3373
0.3551
0.3729
0.3906
0.4050
0.4137
0.4139
0.4092
0.4022
0.3999
0.3998
0.4018
0.3982
0.3881
0.3637
0.3165
0.2526
0.1725
0.0863
-0.0052
-0.0956
-0.1877
-0.2831
-0.3769
-0.4692
-0.5577
-0.6362
-0.7124
-0.7938
-0.8794
-0.9643
-1.0489
-1.1241
-1.1922
-1.2515
-1.3092
-1.3600
-1.4068
-1.4511
-1.4972
-1.5402
-1.5770
-1.6121
-1.6467
-1.6837
-1.7188
-1.7471
-1.7698
-1.7875
-1.8009
-1.8144
-1.8248
-1.8306
-1.8332
-1.8256
-1.8091
-1.7929
-1.7749
-1.7536
-1.7344
-1.7099
-1.6854
-1.6514
-1.6042
-1.5489
-1.4869
-1.4300
-1.3779
-1.3308
-1.2920
-1.2535
-1.2154
-1.1784
-1.1413
-1.1007
-1.0576
-1.0131
-0.9722
-0.9410
-0.9146
-0.8986
-0.8870
-0.8810
-0.8873
-0.8985
-0.9261
-0.9689
-1.0303
-1.1090
-1.1976
-1.2929
-1.3869
-1.4750
-1.5566
-1.6329
-1.7094
-1.7813
-1.8447
-1.9001
-1.9487
-1.9873
-2.0198
-2.0504
-2.0769
-2.0993
-2.1193
-2.1400
-2.1547
-2.1664
-2.1653
-2.1551
-2.1386
-2.1123
-2.0756
-2.0317
-1.9760
-1.9200
-1.8702
-1.8299
-1.7969
-1.7682
-1.7355
-1.7017
-1.6716
-1.6443
-1.6269
-1.6173
-1.6110
-1.6055
-1.5944
-1.5797
-1.5647
-1.5523
-1.5450
-1.5465
-1.5601
-1.5784
-1.5946
-1.6032
-1.6072
-1.6084
-1.6074
-1.6104
-1.6186
-1.6339
-1.6518
-1.6661
-1.6827
-1.6974
-1.7027
-1.6941
-1.6727
-1.6432
-1.6118
-1.5813
-1.5460
-1.5091
-1.4656
-1.4141
-1.3597
-1.3007
-1.2428
-1.1879
-1.1388
-1.0879
-1.0375
-0.9898
-0.9419
-0.8964
-0.8586
-0.8237
-0.7963
-0.7649
-0.7311
-0.6954
-0.6672
-0.6493
-0.6524
-0.6711
-0.7036
-0.7499
-0.8007
-0.8477
-0.8861
-0.9171
-0.9375
-0.9515
-0.9585
-0.9561
-0.9396
-0.9197
-0.8937
-0.8729
-0.8590
-0.8557
-0.8607
-0.8750
-0.8921
-0.9111
-0.9315
-0.9537
-0.9799
-1.0081
-1.0405
-1.0758
-1.1170
-1.1570
-1.1892
-1.2175
-1.2431
-1.2654
-1.2876
-1.3107
-1.3354
-1.3580
-1.3792
-1.4021
-1.4255
-1.4480
-1.4779
-1.5146
-1.5554
-1.6045
-1.6627
-1.7272
-1.7923
-1.8561
-1.9077
-1.9488
-1.9793
-2.0000
-2.0093
-2.0125
-2.0098
-2.0089
-2.0077
-2.0021
-1.9929
-1.9803
-1.9617
-1.9401
-1.9193
-1.9020
-1.8893
-1.8770
-1.8695
-1.8678
-1.8659
-1.8615
-1.8520
-1.8360
-1.8140
-1.7834
-1.7514
-1.7198
-1.6917
-1.6678
-1.6444
-1.6202
-1.5900
-1.5508
-1.5018
-1.4554
-1.4171
-1.3938
-1.3834
-1.3773
-1.3676
-1.3473
-1.3229
-1.2925
-1.2643
-1.2435
-1.2370
-1.2355
-1.2302
-1.2215
-1.2129
-1.2038
-1.2034
-1.2140
-1.2340
-1.2707
-1.3213
-1.3779
-1.4462
-1.5195
-1.5885
-1.6581
-1.7213
-1.7733
-1.8205
-1.8642
-1.9072
-1.9476
-1.9905
-2.0283
-2.0564
-2.0776
-2.0935
-2.1015
-2.1092
-2.1128
-2.1149
-2.1153
-2.1229
-2.1281
-2.1338
-2.1354
-2.1350
-2.1331
-2.1233
-2.1052
-2.0906
-2.0744
-2.0556
-2.0376
-2.0204
-2.0038
-1.9860
-1.9640
-1.9410
-1.9216
-1.9058
-1.8908
-1.8771
-1.8620
-1.8404
-1.8123
-1.7797
-1.7439
-1.7091
-1.6736
-1.6358
-1.5959
-1.5552
-1.5115
-1.4655
-1.4198
-1.3700
-1.3196
-1.2679
-1.2138
-1.1579
-1.1043
-1.0587
-1.0230
-0.9992
-0.9796
-0.9592
-0.9347
-0.9015
-0.8664
-0.8337
-0.8032
-0.7824
-0.7669
-0.7482
-0.7283
-0.6953
-0.6520
-0.6069
-0.5640
-0.5259
-0.4920
-0.4589
-0.4188
-0.3771
-0.3266
-0.2718
-0.2132
-0.1529
-0.0897
-0.0209
0.0578
0.1379
0.2248
0.3102
0.3941
0.4716
0.5404
0.6078
0.6781
0.7467
0.8216
0.8946
0.9672
1.0331
1.0927
1.1437
1.1875
1.2232
1.2552
1.2928
1.3347
1.3774
1.4139
1.4434
1.4684
1.4876
1.5016
1.5116
1.5161
1.5177
1.5171
1.5117
1.4972
1.4762
1.4525
1.4200
1.3835
1.3490
1.3195
1.2945
1.2710
1.2412
1.2116
1.1864
1.1656
1.1552
1.1576
1.1676
1.1868
1.2104
1.2382
1.2738
1.3198
1.3786
1.4512
1.5372
1.6295
1.7181
1.7966
1.8613
1.9187
1.9655
2.0019
2.0322
2.0623
2.0834
2.1024
2.1209
2.1380
2.1538
2.1646
2.1718
2.1804
2.1895
2.2113
2.2400
2.2737
2.3103
2.3370
2.3546
2.3601
2.3552
2.3418
2.3313
2.3228
2.3167
2.3060
2.2914
2.2692
2.2482
2.2268
2.2069
2.1955
2.1929
2.1944
2.2044
2.2180
2.2376
2.2586
2.2824
2.3093
2.3306
2.3559
2.3768
2.4032
2.4323
2.4648
2.5030
2.5378
2.5679
2.5875
2.5980
2.6002
2.5987
2.5982
2.6035
2.6071
2.6147
2.6258
2.6454
2.6629
2.6867
2.7143
2.7325
2.7452
2.7536
2.7564
2.7660
2.7733
2.7759
2.7808
2.7846
2.7910
2.7981
2.8068
2.8135
2.8212
2.8264
2.8292
2.8342
2.8375
2.8338
2.8337
2.8243
2.8165
2.8064
2.7989
2.7841
2.7616
2.7322
2.6998
2.6679
2.6332
2.5901
2.5473
2.4971
2.4346
2.3639
2.2910
2.2152
2.1447
2.0766
2.0039
1.9234
1.8378
1.7417
1.6474
1.5602
1.4885
1.4323
1.3926
1.3689
1.3518
1.3339
1.3187
1.3088
1.3050
1.3067
1.3085
1.3142
1.3209
1.3287
1.3455
1.3684
1.3956
1.4306
1.4728
1.5217
1.5783
1.6376
1.6971
1.7514
1.8023
1.8534
1.9006
1.9491
1.9938
2.0251
2.0516
2.0739
2.0888
2.0952
2.0955
2.0899
2.0785
2.0558
2.0244
1.9884
1.9498
1.9109
1.8665
1.8264
1.7801
1.7217
1.6534
1.5757
1.4988
1.4242
1.3561
1.2940
1.2421
1.1883
1.1271
1.0592
0.9864
0.9152
0.8499
0.7994
0.7634
0.7336
0.7071
0.6827
0.6592
0.6388
0.6261
0.6233
0.6265
0.6368
0.6504
0.6688
0.6965
0.7308
0.7667
0.8041
0.8336
0.8547
0.8734
0.8954
0.9231
0.9578
0.9998
1.0432
1.0804
1.1045
1.1171
1.1247
1.1306
1.1373
1.1489
1.1608
1.1733
1.1827
1.1911
1.2036
1.2120
1.2246
1.2436
1.2615
1.2816
1.3021
1.3266
1.3518
1.3755
1.4024
1.4317
1.4627
1.4951
1.5287
1.5548
1.5761
1.5940
1.6086
1.6170
1.6230
1.6270
1.6189
1.5990
1.5765
1.5524
1.5338
1.5225
1.5254
1.5357
1.5464
1.5465
1.5364
1.5216
1.5031
1.4825
1.4551
1.4273
1.4070
1.3882
1.3746
1.3675
1.3651
1.3631
1.3604
1.3551
1.3466
1.3359
1.3281
1.3284
1.3278
1.3318
1.3390
1.3467
1.3531
1.3583
1.3651
1.3735
1.3885
1.4155
1.4417
1.4682
1.4903
1.5073
1.5163
1.5268
1.5391
1.5496
1.5575
1.5685
1.5754
1.5790
1.5795
1.5704
1.5523
1.5328
1.5170
1.5038
1.4906
1.4757
1.4549
1.4251
1.3900
1.3479
1.3042
1.2643
1.2276
1.1874
1.1400
1.0833
1.0169
0.9467
0.8833
0.8248
0.7748
0.7350
0.6977
0.6660
0.6412
0.6208
0.6108
0.6050
0.6103
0.6260
0.6450
0.6664
0.6933
0.7209
0.7529
0.7889
0.8239
0.8636
0.9037
0.9407
0.9730
0.9963
1.0156
1.0324
1.0539
1.0771
1.1060
1.1390
1.1781
1.2169
1.2533
1.2831
1.3050
1.3171
1.3222
1.3212
1.3257
1.3332
1.3413
1.3446
1.3415
1.3314
1.3143
1.2992
1.2845
1.2692
1.2520
1.2350
1.2151
1.1957
1.1686
1.1359
1.0989
1.0548
1.0063
0.9568
0.9074
0.8575
0.8110
0.7654
0.7165
0.6650
0.6130
0.5599
0.5082
0.4510
0.3959
0.3386
0.2756
0.2189
0.1673
0.1202
0.0732
0.0241
-0.0272
-0.0804
-0.1348
-0.1912
-0.2507
-0.3100
-0.3684
-0.4305
-0.5011
-0.5759
-0.6612
-0.7510
-0.8431
-0.9326
-1.0140
-1.0831
-1.1426
-1.2021
-1.2620
-1.3345
-1.4113
-1.4921
-1.5705
-1.6420
-1.7015
-1.7470
-1.7784
-1.7965
-1.8060
-1.8076
-1.8028
-1.8009
-1.7960
-1.7874
-1.7734
-1.7464
-1.7160
-1.6781
-1.6338
-1.5889
-1.5515
-1.5199
-1.4929
-1.4644
-1.4295
-1.3910
-1.3419
-1.2961
-1.2628
-1.2390
-1.2224
-1.2096
-1.1952
-1.1812
-1.1669
-1.1525
-1.1365
-1.1213
-1.1055
-1.0932
-1.0787
-1.0607
-1.0401
-1.0222
-1.0051
-0.9870
-0.9706
-0.9511
-0.9292
-0.9152
-0.9110
-0.9180
-0.9265
-0.9440
-0.9591
-0.9653
-0.9596
-0.9464
-0.9309
-0.9157
-0.8994
-0.8794
-0.8575
-0.8397
-0.8327
-0.8262
-0.8148
-0.7967
-0.7695
-0.7397
-0.7084
-0.6760
-0.6459
-0.6205
-0.6002
-0.5870
-0.5855
-0.5987
-0.6235
-0.6558
-0.6866
-0.7199
-0.7500
-0.7751
-0.7997
-0.8204
-0.8339
-0.8406
-0.8451
-0.8467
-0.8476
-0.8456
-0.8451
-0.8485
-0.8525
-0.8530
-0.8515
-0.8463
-0.8405
-0.8342
-0.8246
-0.8155
-0.8095
-0.8058
-0.8002
-0.7972
-0.7953
-0.7963
-0.8021
-0.8127
-0.8278
-0.8456
-0.8604
-0.8728
-0.8834
-0.8991
-0.9221
-0.9468
-0.9772
-1.0067
-1.0328
-1.0546
-1.0668
-1.0746
-1.0894
-1.1039
-1.1210
-1.1342
-1.1425
-1.1427
-1.1411
-1.1429
-1.1522
-1.1672
-1.1961
-1.2298
-1.2555
-1.2728
-1.2811
-1.2838
-1.2793
-1.2737
-1.2631
-1.2491
-1.2276
-1.2024
-1.1713
-1.1383
-1.1050
-1.0635
-1.0071
-0.9386
-0.8639
-0.7911
-0.7257
-0.6686
-0.6185
-0.5743
-0.5316
-0.4923
-0.4550
-0.4249
-0.4009
-0.3836
-0.3748
-0.3640
-0.3491
-0.3331
-0.3234
-0.3180
-0.3205
-0.3297
-0.3445
-0.3558
-0.3672
-0.3805
-0.3941
-0.4142
-0.4373
-0.4630
-0.4996
-0.5464
-0.5980
-0.6537
-0.7095
-0.7677
-0.8255
-0.8794
-0.9403
-1.0073
-1.0761
-1.1501
-1.2233
-1.2924
-1.3583
-1.4140
-1.4596
-1.4986
-1.5299
-1.5546
-1.5713
-1.5820
-1.5879
-1.5935
-1.5921
-1.5919
-1.5875
-1.5796
-1.5654
-1.5444
-1.5239
-1.5001
-1.4701
-1.4381
-1.4052
-1.3764
-1.3507
-1.3249
-1.3023
-1.2746
-1.2499
-1.2330
-1.2193
-1.2033
-1.1833
-1.1582
-1.1221
-1.0853
-1.0454
-1.0036
-0.9676
-0.9287
-0.8837
-0.8357
-0.7782
-0.7119
-0.6393
-0.5695
-0.4978
-0.4242
-0.3542
-0.2810
-0.2021
-0.1276
-0.0626
-0.0038
0.0516
0.1064
0.1666
0.2344
0.3089
0.3899
0.4694
0.5454
0.6075
0.6606
0.7084
0.7529
0.7903
0.8187
0.8307
0.8275
0.8174
0.8059
0.8005
0.8062
0.8171
0.8284
0.8345
0.8324
0.8243
0.8048
0.7844
0.7661
0.7459
0.7198
0.6930
0.6647
0.6365
0.6052
0.5696
0.5298
0.4874
0.4469
0.4081
0.3707
0.3430
0.3180
0.2977
0.2844
0.2791
0.2808
0.2866
0.2939
0.3035
0.3157
0.3326
0.3526
0.3702
0.3860
0.4044
0.4177
0.4245
0.4329
0.4409
0.4410
0.4496
0.4647
0.4792
0.4925
0.5067
0.5227
0.5398
0.5598
0.5776
0.5920
0.6066
0.6216
0.6285
0.6388
0.6490
0.6572
0.6654
0.6802
0.6901
0.7006
0.7096
0.7155
0.7182
0.7214
0.7320
0.7417
0.7458
0.7438
0.7268
0.6903
0.6472
0.5985
0.5496
0.5042
0.4641
0.4251
0.3959
0.3708
0.3524
0.3484
0.3594
0.3797
0.4138
0.4484
0.4826
0.5124
0.5337
0.5546
0.5723
0.5863
0.5983
0.6016
0.5982
0.5917
0.5853
0.5804
0.5818
0.5888
0.5952
0.6016
0.6054
0.6117
0.6158
0.6132
0.6055
0.5903
0.5607
0.5272
0.4873
0.4461
0.3986
0.3585
0.3239
0.2946
0.2684
0.2469
0.2346
0.2228
0.2165
0.2128
0.2171
0.2337
0.2595
0.2855
0.3143
0.3357
0.3532
0.3620
0.3587
0.3450
0.3274
0.3088
0.2872
0.2574
0.2193
0.1766
0.1302
0.0768
0.0180
-0.0383
-0.0980
-0.1501
-0.1964
-0.2264
-0.2567
-0.2859
-0.3184
-0.3552
-0.3970
-0.4406
-0.4827
-0.5323
-0.5830
-0.6379
-0.6955
-0.7573
-0.8217
-0.8858
-0.9486
-0.9985
-1.0353
-1.0647
-1.0922
-1.1154
-1.1476
-1.1773
-1.2073
-1.2343
-1.2562
-1.2729
-1.2849
-1.2966
-1.3089
-1.3186
-1.3273
-1.3366
-1.3400
-1.3471
-1.3631
-1.3863
-1.4233
-1.4697
-1.5119
-1.5416
-1.5570
-1.5667
-1.5763
-1.5889
-1.6034
-1.6170
-1.6243
-1.6258
-1.6224
-1.6150
-1.6107
-1.6133
-1.6279
-1.6607
-1.7099
-1.7696
-1.8299
-1.8781
-1.9129
-1.9355
-1.9477
-1.9604
-1.9774
-1.9962
-2.0209
-2.0433
-2.0566
-2.0669
-2.0745
-2.0778
-2.0826
-2.0917
-2.1083
-2.1339
-2.1617
-2.1864
-2.2035
-2.2096
-2.2072
-2.2103
-2.2164
-2.2255
-2.2354
-2.2423
-2.2452
-2.2521
-2.2586
-2.2703
-2.2926
-2.3157
-2.3361
-2.3516
-2.3569
-2.3582
-2.3534
-2.3572
-2.3622
-2.3615
-2.3536
-2.3430
-2.3311
-2.3175
-2.3089
-2.3026
-2.2987
-2.2934
-2.2823
-2.2686
-2.2458
-2.2213
-2.1937
-2.1676
-2.1404
-2.1153
-2.0942
-2.0728
-2.0506
-2.0279
-2.0091
-1.9866
-1.9612
-1.9379
-1.9196
-1.9032
-1.8912
-1.8816
-1.8700
-1.8614
-1.8606
-1.8612
-1.8735
-1.8814
-1.8798
-1.8691
-1.8597
-1.8633
-1.8774
-1.9001
-1.9277
-1.9507
-1.9668
-1.9782
-1.9888
-1.9986
-2.0151
-2.0422
-2.0796
-2.1224
-2.1666
-2.2078
-2.2501
-2.2886
-2.3300
-2.3756
-2.4185
-2.4591
-2.4926
-2.5216
-2.5500
-2.5781
-2.6159
-2.6549
-2.6948
-2.7372
-2.7751
-2.8111
-2.8444
-2.8721
-2.8890
-2.8995
-2.9011
-2.8976
-2.8852
-2.8712
-2.8586
-2.8471
-2.8391
-2.8332
-2.8293
-2.8301
-2.8341
-2.8394
-2.8455
-2.8420
-2.8336
-2.8233
-2.8171
-2.8149
-2.8163
-2.8261
-2.8376
-2.8491
-2.8578
-2.8612
-2.8601
-2.8596
-2.8590
-2.8581
-2.8560
-2.8510
-2.8479
-2.8436
-2.8315
-2.8160
-2.7978
-2.7687
-2.7377
-2.7015
-2.6661
-2.6304
-2.6016
-2.5682
-2.5265
-2.4817
-2.4296
-2.3731
-2.3198
-2.2677
-2.2212
-2.1835
-2.1473
-2.1099
-2.0581
-2.0037
-1.9452
-1.8928
-1.8528
-1.8228
-1.8006
-1.7856
-1.7622
-1.7399
-1.7177
-1.6952
-1.6739
-1.6540
-1.6401
-1.6255
-1.6089
-1.5926
-1.5729
-1.5463
-1.5215
-1.5045
-1.4973
-1.4987
-1.5037
-1.5095
-1.5116
-1.5104
-1.5103
-1.5162
-1.5327
-1.5541
-1.5763
-1.6073
-1.6426
-1.6711
-1.7005
-1.7290
-1.7554
-1.7857
-1.8163
-1.8459
-1.8700
-1.8869
-1.8964
-1.9084
-1.9256
-1.9413
-1.9568
-1.9720
-1.9860
-1.9963
-2.0068
-2.0176
-2.0295
-2.0475
-2.0714
-2.0913
-2.1056
-2.1124
-2.1141
-2.1130
-2.1084
-2.1010
-2.0918
-2.0815
-2.0638
-2.0422
-2.0158
-1.9831
-1.9476
-1.9145
-1.8793
-1.8448
-1.8055
-1.7639
-1.7133
-1.6501
-1.5842
-1.5230
-1.4614
-1.4011
-1.3437
-1.2854
-1.2227
-1.1570
-1.0939
-1.0308
-0.9731
-0.9230
-0.8679
-0.8152
-0.7608
-0.7033
-0.6452
-0.5898
-0.5342
-0.4835
-0.4307
-0.3733
-0.3133
-0.2523
-0.1951
-0.1356
-0.0794
-0.0211
0.0382
0.0979
0.1524
0.2018
0.2490
0.2932
0.3434
0.3964
0.4466
0.4944
0.5414
0.5831
0.6192
0.6546
0.6883
0.7159
0.7488
0.7815
0.8135
0.8427
0.8617
0.8656
0.8622
0.8612
0.8583
0.8607
0.8641
0.8663
0.8673
0.8707
0.8772
0.8887
0.9024
0.9148
0.9294
0.9425
0.9545
0.9660
0.9827
1.0005
1.0200
1.0421
1.0620
1.0769
1.0912
1.0976
1.0941
1.0840
1.0683
1.0508
1.0273
1.0115
1.0001
1.0003
1.0030
1.0127
1.0216
1.0268
1.0311
1.0278
1.0243
1.0208
1.0272
1.0369
1.0459
1.0572
1.0676
1.0793
1.0977
1.1126
1.1309
1.1510
1.1687
1.1875
1.2168
1.2502
1.2811
1.3081
1.3286
1.3344
1.3337
1.3276
1.3187
1.3098
1.3025
1.2939
1.2848
1.2747
1.2570
1.2330
1.2082
1.1863
1.1669
1.1486
1.1331
1.1160
1.0909
1.0600
1.0162
0.9552
0.8840
0.8107
0.7428
0.6821
0.6327
0.5858
0.5299
0.4676
0.4066
0.3386
0.2678
0.2037
0.1506
0.1049
0.0645
0.0237
-0.0164
-0.0627
-0.1133
-0.1644
-0.2082
-0.2491
-0.2796
-0.2974
-0.3098
-0.3202
-0.3333
-0.3480
-0.3627
-0.3714
-0.3804
-0.3877
-0.3935
-0.3991
-0.4060
-0.4158
-0.4242
-0.4248
-0.4210
-0.4137
-0.4058
-0.3941
-0.3846
-0.3707
-0.3540
-0.3310
-0.3084
-0.2878
-0.2684
-0.2544
-0.2412
-0.2315
-0.2179
-0.1972
-0.1761
-0.1593
-0.1467
-0.1357
-0.1300
-0.1202
-0.0976
-0.0578
-0.0068
0.0513
0.1132
0.1772
0.2500
0.3222
0.3987
0.4759
0.5469
0.6063
0.6613
0.7171
0.7707
0.8261
0.8863
0.9426
0.9926
1.0353
1.0709
1.0931
1.1083
1.1155
1.1224
1.1301
1.1467
1.1703
1.1944
1.2196
1.2527
1.2873
1.3200
1.3537
1.3811
1.4055
1.4321
1.4514
1.4660
1.4763
1.4826
1.4878
1.4918
1.4882
1.4805
1.4751
1.4733
1.4741
1.4773
1.4803
1.4853
1.4856
1.4850
1.4844
1.4886
1.4915
1.4906
1.4873
1.4786
1.4672
1.4501
1.4248
1.3864
1.3451
1.2978
1.2467
1.1998
1.1626
1.1384
1.1216
1.1067
1.0906
1.0745
1.0577
1.0415
1.0274
1.0142
1.0049
0.9955
0.9853
0.9750
0.9689
0.9664
0.9649
0.9584
0.9422
0.9157
0.8773
0.8345
0.7824
0.7310
0.6787
0.6245
0.5773
0.5325
0.4820
0.4241
0.3604
0.2879
0.2130
0.1399
0.0716
0.0073
-0.0580
-0.1184
-0.1769
-0.2339
-0.2844
-0.3270
-0.3629
-0.3931
-0.4194
-0.4465
-0.4740
-0.4969
-0.5171
-0.5258
-0.5282
-0.5288
-0.5351
-0.5486
-0.5699
-0.5922
-0.6125
-0.6316
-0.6518
-0.6669
-0.6795
-0.6974
-0.7061
-0.7175
-0.7264
-0.7293
-0.7255
-0.7204
-0.7162
-0.7045
-0.6880
-0.6707
-0.6607
-0.6539
-0.6433
-0.6394
-0.6438
-0.6523
-0.6551
-0.6508
-0.6420
-0.6233
-0.5892
-0.5499
-0.5041
-0.4502
-0.3920
-0.3270
-0.2562
-0.1925
-0.1292
-0.0686
-0.0139
0.0378
0.0812
0.1166
0.1485
0.1766
0.2007
0.2241
0.2481
0.2695
0.2877
0.3037
0.3210
0.3374
0.3578
0.3769
0.3951
0.4161
0.4333
0.4429
0.4472
0.4476
0.4429
0.4317
0.4258
0.4211
0.4170
0.4126
0.4016
0.3882
0.3747
0.3629
0.3538
0.3372
0.3153
0.2867
0.2591
0.2328
0.2135
0.1976
0.1842
0.1700
0.1529
0.1335
0.1190
0.1033
0.0921
0.0860
0.0838
0.0797
0.0766
0.0756
0.0762
0.0780
0.0830
0.0843
0.0881
0.0913
0.0977
0.1081
0.1160
0.1240
0.1314
0.1362
0.1386
0.1358
0.1385
0.1433
0.1547
0.1676
0.1795
0.1872
0.1889
0.1958
0.2051
0.2153
0.2277
0.2288
0.2223
0.2085
0.1849
0.1563
0.1290
0.1028
0.0762
0.0413
0.0027
-0.0381
-0.0708
-0.0944
-0.1140
-0.1388
-0.1702
-0.2061
-0.2437
-0.2832
-0.3218
-0.3525
-0.3813
-0.4166
-0.4553
-0.4968
-0.5398
-0.5777
-0.6080
-0.6307
-0.6521
-0.6689
-0.6870
-0.7058
-0.7154
-0.7148
-0.7151
-0.7108
-0.6992
-0.6872
-0.6707
-0.6502
-0.6262
-0.5991
-0.5653
-0.5267
-0.4849
-0.4378
-0.3921
-0.3443
-0.2980
-0.2549
-0.2144
-0.1755
-0.1416
-0.1129
-0.0859
-0.0652
-0.0452
-0.0226
0.0016
0.0346
0.0700
0.1024
0.1304
0.1537
0.1727
0.1910
0.2189
0.2457
0.2732
0.3067
0.3462
0.3873
0.4196
0.4499
0.4761
0.4969
0.5219
0.5550
0.5887
0.6203
0.6412
0.6588
0.6691
0.6805
0.6974
0.7197
0.7483
0.7864
0.8298
0.8742
0.9147
0.9587
1.0026
1.0469
1.0917
1.1359
1.1729
1.2028
1.2319
1.2601
1.2933
1.3325
1.3717
1.4054
1.4365
1.4638
1.4908
1.5174
1.5484
1.5820
1.6089
1.6341
1.6545
1.6669
1.6851
1.7103
1.7412
1.7734
1.7990
1.8271
1.8494
1.8688
1.8866
1.9065
1.9309
1.9546
1.9754
1.9938
2.0077
2.0173
2.0272
2.0317
2.0336
2.0428
2.0534
2.0574
2.0649
2.0700
2.0660
2.0574
2.0578
2.0644
2.0672
2.0651
2.0546
2.0338
2.0093
1.9740
1.9398
1.9117
1.8934
1.8730
1.8475
1.8157
1.7792
1.7383
1.6986
1.6564
1.6105
1.5581
1.5010
1.4431
1.3853
1.3278
1.2737
1.2240
1.1761
1.1278
1.0795
1.0252
0.9610
0.8997
0.8366
0.7772
0.7167
0.6567
0.5998
0.5430
0.4886
0.4364
0.3832
0.3427
0.3084
0.2791
0.2516
0.2349
0.2215
0.2087
0.1975
0.1822
0.1671
0.1479
0.1281
0.1137
0.1072
0.1086
0.1096
0.1128
0.1193
0.1280
0.1390
0.1559
0.1748
0.1948
0.2087
0.2163
0.2213
0.2323
0.2439
0.2619
0.2836
0.3108
0.3286
0.3293
0.3216
0.3097
0.3009
0.3075
0.3245
0.3481
0.3679
0.3822
0.3938
0.3982
0.3987
0.4034
0.4137
0.4263
0.4396
0.4573
0.4675
0.4749
0.4812
0.4981
0.5144
0.5261
0.5328
0.5227
0.5011
0.4804
0.4578
0.4421
0.4349
0.4320
0.4302
0.4181
0.4044
0.3877
0.3704
0.3503
0.3281
0.3100
0.2910
0.2745
0.2611
0.2466
0.2313
0.2145
0.2007
0.1862
0.1706
0.1606
0.1597
0.1562
0.1558
0.1598
0.1635
0.1670
0.1832
0.1998
0.2222
0.2366
0.2409
0.2491
0.2575
0.2663
0.2776
0.2933
0.3073
0.3229
0.3387
0.3547
0.3704
0.3896
0.4053
0.4146
0.4223
0.4220
0.4179
0.4197
0.4201
0.4170
0.4145
0.4158
0.4119
0.4056
0.4085
0.4083
0.4057
0.3958
0.3756
0.3542
0.3300
0.3101
0.2924
0.2763
0.2593
0.2409
0.2254
0.2103
0.1962
0.1791
0.1572
0.1331
0.1063
0.0819
0.0596
0.0460
0.0353
0.0211
0.0079
-0.0051
-0.0184
-0.0272
-0.0334
-0.0424
-0.0489
-0.0583
-0.0649
-0.0686
-0.0721
-0.0809
-0.0890
-0.0998
-0.1183
-0.1270
-0.1337
-0.1285
-0.1140
-0.0867
-0.0517
-0.0174
0.0144
0.0414
0.0684
0.0991
0.1350
0.1762
0.2163
0.2525
0.2862
0.3178
0.3558
0.3936
0.4376
0.4881
0.5387
0.5836
0.6231
0.6493
0.6739
0.7050
0.7312
0.7515
0.7676
0.7775
0.7734
0.7636
0.7526
0.7445
0.7424
0.7401
0.7381
0.7312
0.7167
0.6981
0.6811
0.6590
0.6390
0.6166
0.6040
0.5934
0.5829
0.5776
0.5708
0.5612
0.5508
0.5438
0.5450
0.5465
0.5484
0.5523
0.5525
0.5523
0.5502
0.5327
0.5105
0.4959
0.4825
0.4769
0.4809
0.4862
0.4874
0.4908
0.4896
0.4909
0.4976
0.5146
0.5337
0.5571
0.5836
0.6012
0.6119
0.6184
0.6264
0.6312
0.6382
0.6422
0.6448
0.6429
0.6311
0.6365
0.6354
0.6317
0.6265
0.6356
0.6257
0.5965
0.5637
0.5687
0.5614
0.5503
0.5449
0.5379
0.5347
0.5161
0.5027
0.4980
0.4979
0.5090
0.5159
0.5341
0.5448
0.5363
0.5291
0.5367
0.5126
0.4985
0.4910
0.4822
0.4570
0.4260
0.4071
0.4151
0.4100
0.3969
0.4126
0.4537
0.4800
0.5436
0.6094
0.6605
0.7035
0.7449
0.7817
0.8264
0.8710
0.9215
0.9443
0.9798
1.0093
1.0338
1.0356
1.0545
1.0743
1.0982
1.1364
1.1733
1.2009
1.2310
1.2784
1.3326
1.3745
1.4151
1.4622
1.4923
1.5260
1.5714
1.6015
1.6370
1.6548
1.6637
1.6737
1.6841
1.6910
1.6878
1.6838
1.6601
1.6418
1.6169
1.5963
1.5598
1.5216
1.4800
1.4316
1.3689
1.3146
1.2618
1.2093
1.1588
1.1132
1.0638
1.0412
1.0195
0.9879
0.9625
0.9440
0.9273
0.9003
0.8940
0.8924
0.8873
0.8775
0.8605
0.8508
0.8552
0.8643
0.8498
0.8542
0.8391
0.7925
0.7347
0.6655
0.5929
0.4977
0.3964
0.2958
0.2090
0.1382
0.0698
-0.0039
-0.0697
-0.1311
-0.1710
-0.2227
-0.2809
-0.3397
-0.3894
-0.4331
-0.4747
-0.5082
-0.5357
-0.5638
-0.5870
-0.6003
-0.6046
-0.6011
-0.6023
-0.6066
-0.6180
-0.6255
-0.6298
-0.6370
-0.6404
-0.6423
-0.6457
-0.6483
-0.6564
-0.6599
-0.6620
-0.6723
-0.6794
-0.6923
-0.7100
-0.7319
-0.7572
-0.7780
-0.8047
-0.8410
-0.8709
-0.8963
-0.9203
-0.9394
-0.9467
-0.9523
-0.9600
-0.9741
-0.9944
-1.0217
-1.0507
-1.0798
-1.1024
-1.1203
-1.1345
-1.1365
-1.1221
-1.0944
-1.0575
-1.0131
-0.9662
-0.9164
-0.8610
-0.8017
-0.7477
-0.6960
-0.6468
-0.6088
-0.5791
-0.5685
-0.5379
-0.5119
-0.4717
-0.4243
-0.3710
-0.3149
-0.2683
-0.2187
-0.1856
-0.1536
-0.1176
-0.0939
-0.0754
-0.0615
-0.0308
-0.0041
0.0298
0.0690
0.1012
0.1358
0.1589
0.1907
0.2357
0.2710
0.3017
0.3284
0.3723
0.4047
0.4382
0.4851
0.5412
0.5798
0.6076
0.6479
0.7011
0.7480
0.7942
0.8394
0.8781
0.9024
0.9048
0.8983
0.8779
0.8539
0.8409
0.8052
0.7756
0.7340
0.7032
0.6653
0.6219
0.5744
0.5389
0.4938
0.4281
0.3536
0.2871
0.2214
0.1630
0.1103
0.0477
-0.0009
-0.0663
-0.1513
-0.2298
-0.3103
-0.3958
-0.4637
-0.5288
-0.6044
-0.6790
-0.7449
-0.8006
-0.8439
-0.8884
-0.9304
-0.9617
-0.9934
-1.0219
-1.0486
-1.0531
-1.0612
-1.0680
-1.0742
-1.0845
-1.1035
-1.1259
-1.1522
-1.1792
-1.2013
-1.2204
-1.2411
-1.2694
-1.3123
-1.3576
-1.4065
-1.4510
-1.4835
-1.5059
-1.5237
-1.5263
-1.5300
-1.5297
-1.5276
-1.5235
-1.5210
-1.5156
-1.5090
-1.5025
-1.4976
-1.4957
-1.4979
-1.4952
-1.5014
-1.5087
-1.5252
-1.5514
-1.5913
-1.6251
-1.6524
-1.6774
-1.7022
-1.7239
-1.7435
-1.7555
-1.7692
-1.7857
-1.7997
-1.8126
-1.8251
-1.8341
-1.8388
-1.8425
-1.8404
-1.8414
-1.8403
-1.8388
-1.8395
-1.8444
-1.8581
-1.8766
-1.8919
-1.8930
-1.8892
-1.8923
-1.8943
-1.8988
-1.9076
-1.9181
-1.9257
-1.9394
-1.9599
-1.9908
-2.0203
-2.0394
-2.0539
-2.0604
-2.0573
-2.0435
-2.0250
-2.0025
-1.9752
-1.9479
-1.9207
-1.8921
-1.8677
-1.8408
-1.8240
-1.8096
-1.8057
-1.8054
-1.8086
-1.8126
-1.8210
-1.8297
-1.8480
-1.8700
-1.8978
-1.9299
-1.9665
-2.0163
-2.0836
-2.1616
-2.2407
-2.3178
-2.3914
-2.4590
-2.5184
-2.5697
-2.6157
-2.6613
-2.7041
-2.7363
-2.7591
-2.7709
-2.7774
-2.7756
-2.7618
-2.7377
-2.7040
-2.6637
-2.6137
-2.5618
-2.5085
-2.4487
-2.3781
-2.3014
-2.2216
-2.1352
-2.0489
-1.9759
-1.9134
-1.8357
-1.7433
-1.6441
-1.5625
-1.4637
-1.3629
-1.2398
-1.1374
-1.0384
-0.9424
-0.8355
-0.7317
-0.6334
-0.5325
-0.4376
-0.3273
-0.2137
-0.1221
-0.0331
0.0370
0.1097
0.1908
0.2539
0.3157
0.3830
0.4339
0.4747
0.5155
0.5741
0.6167
0.6564
0.7147
0.7733
0.8196
0.8610
0.8923
0.9170
0.9298
0.9319
0.9186
0.8887
0.8461
0.7995
0.7396
0.6554
0.5594
0.4717
0.4125
0.3444
0.2712
0.1870
0.1153
0.0347
-0.0366
-0.1080
-0.1563
-0.2077
-0.2577
-0.2815
-0.3015
-0.3106
-0.3280
-0.3363
-0.3425
-0.3420
-0.3195
-0.2784
-0.2475
-0.2125
-0.1886
-0.1733
-0.1539
-0.1236
-0.0922
-0.0403
0.0110
0.0801
0.1398
0.1944
0.2341
0.2768
0.3162
0.3677
0.4161
0.4697
0.5171
0.5728
0.6111
0.6549
0.7026
0.7368
0.7650
0.7897
0.8107
0.8449
0.8811
0.9017
0.9215
0.9423
0.9689
0.9880
0.9985
1.0297
1.0661
1.0833
1.1138
1.1344
1.1343
1.1486
1.1471
1.1570
1.1527
1.1384
1.1364
1.1498
1.1694
1.1836
1.2177
1.2324
1.2589
1.2654
1.2762
1.2798
1.2863
1.3095
1.3364
1.3436
1.3513
1.3591
1.3640
1.3735
1.3777
1.3821
1.3807
1.3883
1.3874
1.3996
1.4008
1.3930
1.3935
1.3886
1.3794
1.3724
1.3652
1.3799
1.3826
1.3653
1.3513
1.3411
1.3206
1.3031
1.2838
1.2647
1.2267
1.1831
1.1360
1.0883
1.0430
1.0063
0.9795
0.9638
0.9426
0.9181
0.8948
0.8501
0.8119
0.7981
0.7790
0.7590
0.7501
0.7244
0.7042
0.6878
0.6947
0.7021
0.7176
0.7364
0.7450
0.7297
0.7115
0.7154
0.7237
0.7365
0.7515
0.7517
0.7684
0.8022
0.8249
0.8587
0.8948
0.9224
0.9426
0.9754
1.0247
1.0568
1.0885
1.1115
1.1374
1.1716
1.2003
1.2134
1.2290
1.2645
1.2922
1.3098
1.3440
1.3682
1.3835
1.4114
1.4205
1.4386
1.4544
1.4683
1.5006
1.5252
1.5624
1.5841
1.6100
1.6293
1.6423
1.6473
1.6624
1.6766
1.6857
1.7053
1.7296
1.7455
1.7458
1.7298
1.7336
1.7494
1.7620
1.7773
1.7850
1.7953
1.7999
1.8054
1.8098
1.8356
1.8539
1.8794
1.9087
1.9370
1.9519
1.9594
1.9682
1.9882
2.0203
2.0420
2.0700
2.0806
2.0980
2.1177
2.1373
2.1392
2.1290
2.1291
2.1214
2.0961
2.0874
2.0787
2.0709
2.0656
2.0410
1.9968
1.9590
1.9213
1.8877
1.8573
1.8133
1.7816
1.7355
1.6875
1.6622
1.6226
1.5842
1.5508
1.5038
1.4778
1.4555
1.4006
1.3546
1.3171
1.2751
1.2043
1.1204
1.0638
1.0117
0.9836
0.9531
0.9189
0.8758
0.8399
0.8077
0.7922
0.7841
0.7643
0.7349
0.6983
0.6625
0.6227
0.5963
0.5635
0.5355
0.5190
0.5143
0.5115
0.5079
0.4881
0.4660
0.4430
0.4368
0.4282
0.4142
0.3876
0.3789
0.3679
0.3499
0.3285
0.3229
0.3056
0.2793
0.2798
0.2899
0.2896
0.2831
0.2691
0.2459
0.2240
0.2013
0.1890
0.1845
0.1730
0.1764
0.1706
0.1472
0.1405
0.1241
0.1304
0.1371
0.1491
0.1641
0.1714
0.1912
0.2188
0.2429
0.2455
0.2510
0.2669
0.2595
0.2723
0.3049
0.3442
0.3659
0.3928
0.4238
0.4489
0.4651
0.4660
0.4789
0.4839
0.4940
0.5045
0.4999
0.5178
0.5398
0.5783
0.5942
0.6140
0.6285
0.6417
0.6591
0.6876
0.7089
0.7387
0.7507
0.7545
0.7704
0.7936
0.8015
0.8046
0.8107
0.8163
0.8045
0.8002
0.7936
0.7930
0.8047
0.8095
0.8153
0.8036
0.7832
0.7656
0.7613
0.7572
0.7662
0.7616
0.7385
0.7026
0.6762
0.6574
0.6391
0.6101
0.5862
0.5555
0.5075
0.4666
0.4226
0.3909
0.3427
0.2991
0.2562
0.1999
0.1401
0.0743
0.0291
-0.0066
-0.0656
-0.1264
-0.1550
-0.1609
-0.1731
-0.1982
-0.2218
-0.2526
-0.2923
-0.3271
-0.3542
-0.3794
-0.3992
-0.4187
-0.4429
-0.4676
-0.5047
-0.5488
-0.5931
-0.6381
-0.7046
-0.7587
-0.8042
-0.8405
-0.8688
-0.9188
-0.9789
-1.0335
-1.1064
-1.1663
-1.2182
-1.2631
-1.3032
-1.3534
-1.3900
-1.4112
-1.4244
-1.4311
-1.4527
-1.4768
-1.4880
-1.4830
-1.4692
-1.4654
-1.4623
-1.4701
-1.4756
-1.4872
-1.5092
-1.5111
-1.5089
-1.4993
-1.5039
-1.5066
-1.5151
-1.5167
-1.5181
-1.5076
-1.5042
-1.4992
-1.5013
-1.5059
-1.5110
-1.5235
-1.5345
-1.5397
-1.5401
-1.5465
-1.5516
-1.5903
-1.6389
-1.6750
-1.7124
-1.7403
-1.7675
-1.8050
-1.8545
-1.8955
-1.9179
-1.9481
-1.9753
-2.0060
-2.0481
-2.0746
-2.0959
-2.1160
-2.1502
-2.1550
-2.1652
-2.1605
-2.1604
-2.1669
-2.1672
-2.1533
-2.1473
-2.1325
-2.1082
-2.1088
-2.1036
-2.1043
-2.1025
-2.0932
-2.0813
-2.0733
-2.0506
-2.0354
-2.0045
-1.9929
-1.9645
-1.9520
-1.9455
-1.9228
-1.9038
-1.8958
-1.9121
-1.9292
-1.9427
-1.9658
-1.9990
-2.0343
-2.0592
-2.0807
-2.1236
-2.1648
-2.2040
-2.2300
-2.2559
-2.2838
-2.2937
-2.3037
-2.2963
-2.2821
-2.2534
-2.2271
-2.1910
-2.1473
-2.0864
-2.0319
-1.9760
-1.9206
-1.8654
-1.8267
-1.7670
-1.7208
-1.6991
-1.6652
-1.6291
-1.5829
-1.5375
-1.4970
-1.4572
-1.4025
-1.3550
-1.3079
-1.2600
-1.2199
-1.1878
-1.1552
-1.1159
-1.0823
-1.0563
-1.0265
-0.9739
-0.9301
-0.9066
-0.8924
-0.8818
-0.8515
-0.8036
-0.7781
-0.7628
-0.7326
-0.7194
-0.7135
-0.7009
-0.6881
-0.6830
-0.6781
-0.6776
-0.6634
-0.6553
-0.6441
-0.6348
-0.6177
-0.6180
-0.6179
-0.6098
-0.5936
-0.5946
-0.5795
-0.5620
-0.5354
-0.5049
-0.4813
-0.4681
-0.4360
-0.4123
-0.3885
-0.3537
-0.3251
-0.2976
-0.2744
-0.2647
-0.2605
-0.2567
-0.2400
-0.2384
-0.2443
-0.2552
-0.2759
-0.2980
-0.3116
-0.3430
-0.3696
-0.3939
-0.4326
-0.4613
-0.4799
-0.4838
-0.4942
-0.4907
-0.4735
-0.4547
-0.4370
-0.4307
-0.3991
-0.3695
-0.3399
-0.3182
-0.3025
-0.2746
-0.2453
-0.2278
-0.2209
-0.2136
-0.1850
-0.1671
-0.1380
-0.1125
-0.0908
-0.0771
-0.0443
-0.0275
-0.0122
0.0101
0.0239
0.0447
0.0827
0.1276
0.1856
0.2575
0.3003
0.3450
0.4063
0.4685
0.5180
0.5720
0.6398
0.6836
0.7293
0.7654
0.8015
0.8327
0.8571
0.8921
0.9113
0.9165
0.9245
0.9131
0.9198
0.9328
0.9377
0.9599
0.9846
0.9791
0.9515
0.9162
0.8917
0.8813
0.8771
0.8727
0.8775
0.8756
0.8818
0.8556
0.8282
0.8054
0.7919
0.7865
0.7857
0.7720
0.7654
0.7453
0.7330
0.7181
0.6804
0.6540
0.6308
0.5996
0.5635
0.5492
0.5289
0.5416
0.5338
0.5392
0.5428
0.5340
0.5379
0.5474
0.5578
0.5693
0.5894
0.6005
0.6269
0.6521
0.6842
0.7115
0.7384
0.7608
0.7708
0.7832
0.7862
0.7892
0.8088
0.8267
0.8236
0.8225
0.8185
0.8104
0.8181
0.8050
0.8002
0.7896
0.7599
0.7437
0.7440
0.7235
0.6992
0.6674
0.6336
0.6276
0.6164
0.6051
0.5981
0.5968
0.6016
0.6144
0.6416
0.6525
0.6607
0.6668
0.6739
0.6842
0.6880
0.6910
0.6920
0.6931
0.6903
0.6923
0.7058
0.7237
0.7370
0.7526
0.7503
0.7389
0.7376
0.7532
0.7537
0.7473
0.7474
0.7489
0.7513
0.7442
0.7462
0.7558
0.7671
0.7712
0.7789
0.8005
0.8060
0.8038
0.8116
0.8114
0.8187
0.8241
0.8400
0.8395
0.8385
0.8399
0.8364
0.8251
0.8193
0.8191
0.8057
0.7879
0.7461
0.7137
0.6705
0.6400
0.6169
0.5982
0.5736
0.5508
0.5308
0.5002
0.4618
0.4402
0.4156
0.3930
0.3738
0.3479
0.3225
0.3044
0.2788
0.2615
0.2532
0.2686
0.2908
0.2967
0.3060
0.3246
0.3258
0.3166
0.2970
0.2759
0.2516
0.2257
0.2060
0.1893
0.1654
0.1670
0.1606
0.1377
0.1042
0.0789
0.0626
0.0452
0.0184
-0.0032
-0.0222
-0.0420
-0.0659
-0.0931
-0.1193
-0.1492
-0.1544
-0.1508
-0.1539
-0.1502
-0.1395
-0.1279
-0.1321
-0.1308
-0.1276
-0.1321
-0.1587
-0.1834
-0.2105
-0.2391
-0.2798
-0.3034
-0.3238
-0.3446
-0.3514
-0.3510
-0.3433
-0.3278
-0.3185
-0.3160
-0.2987
-0.2897
-0.2779
-0.2664
-0.2452
-0.2192
-0.2044
-0.1955
-0.1819
-0.1959
-0.2215
-0.2382
-0.2618
-0.3006
-0.3312
-0.3635
-0.4115
-0.4595
-0.4777
-0.4953
-0.5256
-0.5482
-0.5571
-0.5637
-0.5944
-0.6132
-0.6210
-0.6174
-0.6297
-0.6260
-0.6233
-0.6273
-0.6241
-0.6154
-0.6105
-0.5865
-0.5691
-0.5615
-0.5515
-0.5495
-0.5583
-0.5569
-0.5715
-0.5748
-0.5863
-0.6060
-0.6206
-0.6160
-0.6212
-0.6292
-0.6329
-0.6458
-0.6624
-0.6857
-0.7399
-0.7948
-0.8717
-0.9502
-1.0171
-1.0788
-1.1206
-1.1480
-1.1916
-1.2144
-1.2380
-1.2673
-1.2986
-1.3207
-1.3306
-1.3431
-1.3511
-1.3525
-1.3399
-1.3253
-1.2909
-1.2637
-1.2375
-1.1940
-1.1417
-1.1077
-1.0639
-1.0004
-0.9384
-0.8795
-0.8346
-0.8051
-0.7780
-0.7547
-0.7424
-0.7318
-0.7301
-0.7314
-0.7606
-0.7890
-0.8167
-0.8461
-0.8636
-0.8649
-0.8539
-0.8440
-0.8374
-0.8197
-0.7902
-0.7661
-0.7352
-0.6884
-0.6584
-0.6181
-0.5655
-0.5234
-0.4960
-0.4497
-0.4112
-0.3911
-0.3838
-0.3822
-0.3823
-0.3942
-0.3844
-0.3863
-0.3864
-0.3726
-0.3622
-0.3641
-0.3506
-0.3262
-0.3119
-0.2727
-0.2408
-0.2015
-0.1690
-0.1239
-0.0881
-0.0358
0.0205
0.0849
0.1559
0.2215
0.2726
0.3178
0.3623
0.4192
0.4624
0.5117
0.5649
0.6120
0.6531
0.6934
0.7427
0.7906
0.8134
0.8442
0.8662
0.8883
0.9236
0.9722
1.0160
1.0559
1.0925
1.1287
1.1618
1.2043
1.2357
1.2737
1.3411
1.3988
1.4590
1.5296
1.6085
1.6753
1.7210
1.7554
1.7861
1.7919
1.7948
1.8092
1.8009
1.7737
1.7495
1.7397
1.7242
1.7216
// ADCData
0.0000
0.3750
0.1875
0.1458
0.2292
0.2292
0.1250
0.0833
0.2708
0.4583
0.3333
0.3750
0.3750
0.3958
0.8125
0.5625
0.3333
0.3125
0.3333
0.4583
0.4583
0.5417
0.7083
0.8125
1.6042
0.9792
1.6042
1.6458
1.1875
1.1042
1.4375
1.2500
1.5417
1.1042
1.2917
1.5833
2.1875
2.6042
1.9375
2.2500
1.8750
2.0000
1.5833
2.4583
1.9167
2.0625
2.1042
2.3125
1.6875
1.0625
1.0000
1.2500
1.2292
1.0833
1.1667
1.1875
1.4167
1.3333
0.7917
0.7917
1.3542
1.7500
1.2708
0.9375
1.1250
1.4167
1.0833
0.9583
0.9792
1.0417
0.8333
0.8958
0.9583
0.9583
0.7708
0.7083
1.4583
1.0833
1.2292
0.8125
0.7917
1.0417
1.3750
1.5417
1.2500
1.3750
1.0208
1.0417
0.5417
0.6667
0.4792
0.5417
0.2917
0.2083
0.2500
0.1250
0.1458
0.0833
0.2292
0.3958
0.4375
// BACData
0.0000
0.3750
0.5625
0.7083
0.9375
1.1667
1.2917
1.3750
1.6458
2.1042
2.4375
2.8125
3.1875
3.5833
4.3958
4.9583
5.2917
5.6042
5.9375
6.3958
6.8542
7.3958
8.1042
8.9167
10.5208
11.5000
13.1042
14.7500
15.9375
17.0417
18.4792
19.7292
21.2708
22.3750
23.6667
25.2500
27.4375
30.0417
31.9792
34.2292
36.1042
38.1042
39.6875
42.1458
44.0625
46.1250
48.2292
50.5417
52.2292
53.2917
54.2917
55.5417
56.7708
57.8542
59.0208
60.2083
61.6250
62.9583
63.7500
64.5417
65.8958
67.6458
68.9167
69.8542
70.9792
72.3958
73.4792
74.4375
75.4167
76.4583
77.2917
78.1875
79.1458
80.1042
80.8750
81.5833
83.0417
84.1250
85.3542
86.1667
86.9583
88.0000
89.3750
90.9167
92.1667
93.5417
94.5625
95.6042
96.1458
96.8125
97.2917
97.8333
98.1250
98.3333
98.5833
98.7083
98.8542
98.9375
99.1667
99.5625
100.0000
