// Header
Version;SJ-210 V.1.100
Date;2026/02/17,13:59:22
Mode;ALL
// Condition
Standard;ISO1997
Profile;R
Filter;GAUSS
Lc;0.8;mm
Ls;2.5;um
N;3
Pre_Length;OFF
Speed;0.5
Range;AUTO
GO/NG;Average
Pitch;0.5;um
// CalcResult
Ra;0.375;um;;
Rq;0.485;um;;
Rz;2.219;um;;
// CalcData
4800
Z
0.1080
0.1743
0.2643
0.3507
0.4328
0.5075
0.5735
0.6372
0.6909
0.7445
0.7927
0.8393
0.8827
0.9242
0.9616
0.9937
1.0210
1.0464
1.0715
1.0950
1.1185
1.1283
1.1257
1.1121
1.0884
1.0573
1.0285
1.0026
0.9697
0.9392
0.9017
0.8698
0.8427
0.8132
0.7815
0.7396
0.6942
0.6435
0.5934
0.5513
0.5176
0.4841
0.4513
0.4201
0.3864
0.3574
0.3325
0.3094
0.2910
0.2683
0.2428
0.2139
0.1825
0.1492
0.1184
0.0925
0.0644
0.0352
0.0070
-0.0236
-0.0502
-0.0768
-0.1023
-0.1279
-0.1459
-0.1531
-0.1453
-0.1318
-0.1218
-0.1185
-0.1209
-0.1248
-0.1232
-0.1181
-0.1081
-0.0982
-0.0878
-0.0845
-0.0870
-0.0951
-0.1125
-0.1370
-0.1682
-0.2014
-0.2280
-0.2557
-0.2810
-0.3024
-0.3262
-0.3497
-0.3739
-0.3956
-0.4163
-0.4368
-0.4485
-0.4510
-0.4514
-0.4480
-0.4525
-0.4611
-0.4682
-0.4784
-0.4871
-0.4845
-0.4734
-0.4602
-0.4495
-0.4411
-0.4410
-0.4395
-0.4363
-0.4320
-0.4217
-0.4077
-0.3924
-0.3872
-0.3924
-0.4020
-0.4118
-0.4182
-0.4176
-0.4076
-0.3982
-0.3936
-0.3917
-0.3915
-0.3871
-0.3796
-0.3705
-0.3546
-0.3350
-0.3161
-0.3028
-0.2965
-0.2972
-0.2984
-0.2933
-0.2787
-0.2639
-0.2462
-0.2260
-0.2091
-0.1928
-0.1771
-0.1659
-0.1506
-0.1350
-0.1246
-0.1121
-0.0982
-0.0872
-0.0793
-0.0742
-0.0671
-0.0650
-0.0663
-0.0634
-0.0618
-0.0600
-0.0573
-0.0551
-0.0571
-0.0599
-0.0647
-0.0707
-0.0794
-0.0968
-0.1127
-0.1266
-0.1400
-0.1446
-0.1389
-0.1258
-0.1057
-0.0770
-0.0408
0.0009
0.0460
0.0845
0.1075
0.1221
0.1259
0.1214
0.1140
0.1000
0.0896
0.0778
0.0586
0.0372
0.0089
-0.0216
-0.0515
-0.0772
-0.1043
-0.1321
-0.1560
-0.1722
-0.1880
-0.1939
-0.1911
-0.1835
-0.1717
-0.1567
-0.1404
-0.1216
-0.1052
-0.0875
-0.0649
-0.0384
-0.0102
0.0119
0.0229
0.0221
0.0166
0.0077
-0.0015
-0.0109
-0.0212
-0.0311
-0.0445
-0.0678
-0.0969
-0.1325
-0.1641
-0.1910
-0.2171
-0.2416
-0.2606
-0.2737
-0.2839
-0.2922
-0.3001
-0.3038
-0.3047
-0.3072
-0.3082
-0.3057
-0.3081
-0.3145
-0.3255
-0.3324
-0.3299
-0.3221
-0.3146
-0.3074
-0.3032
-0.3021
-0.3088
-0.3181
-0.3213
-0.3221
-0.3197
-0.3133
-0.3072
-0.2998
-0.2932
-0.2864
-0.2712
-0.2461
-0.2191
-0.1910
-0.1685
-0.1555
-0.1438
-0.1300
-0.1118
-0.0900
-0.0644
-0.0415
-0.0190
0.0010
0.0166
0.0349
0.0465
0.0472
0.0430
0.0341
0.0222
0.0135
0.0077
0.0068
0.0077
0.0130
0.0199
0.0287
0.0373
0.0470
0.0566
0.0637
0.0664
0.0705
0.0719
0.0792
0.0876
0.1011
0.1212
0.1455
0.1682
0.1858
0.1985
0.2090
0.2198
0.2340
0.2463
0.2574
0.2716
0.2781
0.2863
0.2877
0.2849
0.2784
0.2653
0.2492
0.2352
0.2251
0.2166
0.1995
0.1795
0.1534
0.1223
0.0897
0.0597
0.0260
-0.0047
-0.0398
-0.0738
-0.1088
-0.1369
-0.1595
-0.1773
-0.1970
-0.2189
-0.2416
-0.2698
-0.2967
-0.3207
-0.3411
-0.3624
-0.3820
-0.3991
-0.4107
-0.4210
-0.4275
-0.4365
-0.4476
-0.4608
-0.4711
-0.4810
-0.4853
-0.4757
-0.4511
-0.4122
-0.3615
-0.3009
-0.2316
-0.1593
-0.0845
-0.0164
0.0516
0.1186
0.1871
0.2508
0.3075
0.3599
0.4037
0.4426
0.4742
0.5003
0.5235
0.5425
0.5605
0.5720
0.5720
0.5696
0.5629
0.5506
0.5272
0.4992
0.4648
0.4226
0.3839
0.3480
0.3227
0.3025
0.2832
0.2646
0.2439
0.2283
0.2165
0.2133
0.2167
0.2186
0.2193
0.2179
0.2232
0.2290
0.2367
0.2404
0.2442
0.2365
0.2160
0.1764
0.1265
0.0734
0.0135
-0.0500
-0.1140
-0.1767
-0.2370
-0.2859
-0.3216
-0.3520
-0.3811
-0.4064
-0.4343
-0.4581
-0.4753
-0.4826
-0.4840
-0.4757
-0.4610
-0.4416
-0.4185
-0.3868
-0.3549
-0.3237
-0.2937
-0.2681
-0.2429
-0.2243
-0.2101
-0.1935
-0.1705
-0.1467
-0.1238
-0.1025
-0.0885
-0.0764
-0.0662
-0.0570
-0.0454
-0.0411
-0.0493
-0.0670
-0.0999
-0.1414
-0.1859
-0.2292
-0.2686
-0.3036
-0.3339
-0.3609
-0.3810
-0.3950
-0.4028
-0.4054
-0.4032
-0.3975
-0.3865
-0.3711
-0.3518
-0.3320
-0.3141
-0.3065
-0.3075
-0.3128
-0.3133
-0.3149
-0.3145
-0.3135
-0.3116
-0.3033
-0.2920
-0.2807
-0.2725
-0.2702
-0.2665
-0.2671
-0.2651
-0.2564
-0.2466
-0.2389
-0.2325
-0.2250
-0.2195
-0.2209
-0.2197
-0.2174
-0.2166
-0.2104
-0.2060
-0.2059
-0.2025
-0.1946
-0.1897
-0.1877
-0.1825
-0.1761
-0.1664
-0.1481
-0.1297
-0.1105
-0.0922
-0.0809
-0.0713
-0.0634
-0.0580
-0.0515
-0.0455
-0.0437
-0.0545
-0.0665
-0.0850
-0.1077
-0.1243
-0.1358
-0.1424
-0.1530
-0.1617
-0.1655
-0.1607
-0.1587
-0.1549
-0.1528
-0.1547
-0.1565
-0.1491
-0.1410
-0.1309
-0.1195
-0.1077
-0.0949
-0.0857
-0.0734
-0.0622
-0.0457
-0.0237
-0.0024
0.0170
0.0338
0.0461
0.0555
0.0658
0.0761
0.0895
0.1002
0.1131
0.1309
0.1505
0.1682
0.1834
0.1903
0.1951
0.2017
0.2130
0.2229
0.2229
0.2149
0.2061
0.2041
0.2092
0.2186
0.2311
0.2433
0.2610
0.2765
0.2886
0.2974
0.3046
0.3076
0.3078
0.3144
0.3271
0.3429
0.3575
0.3726
0.3830
0.3869
0.3861
0.3919
0.4004
0.4083
0.4209
0.4311
0.4429
0.4518
0.4596
0.4682
0.4811
0.4928
0.5048
0.5198
0.5276
0.5386
0.5498
0.5574
0.5669
0.5720
0.5736
0.5697
0.5639
0.5508
0.5381
0.5229
0.5051
0.4930
0.4899
0.4936
0.4972
0.4978
0.4919
0.4886
0.4782
0.4704
0.4638
0.4688
0.4805
0.4906
0.4991
0.5005
0.5007
0.4989
0.4972
0.4995
0.5013
0.5014
0.5014
0.5007
0.4992
0.4949
0.4944
0.4955
0.5002
0.5127
0.5272
0.5386
0.5487
0.5558
0.5494
0.5371
0.5166
0.4969
0.4763
0.4561
0.4369
0.4133
0.3810
0.3461
0.3171
0.2902
0.2637
0.2359
0.2065
0.1714
0.1323
0.0925
0.0614
0.0437
0.0325
0.0235
0.0120
0.0014
0.0010
0.0055
0.0235
0.0435
0.0602
0.0835
0.1055
0.1232
0.1471
0.1712
0.1950
0.2124
0.2177
0.2116
0.1931
0.1724
0.1560
0.1501
0.1548
0.1606
0.1750
0.1921
0.2084
0.2271
0.2463
0.2722
0.3020
0.3367
0.3742
0.4150
0.4607
0.5041
0.5407
0.5638
0.5784
0.5865
0.5853
0.5813
0.5743
0.5682
0.5599
0.5504
0.5395
0.5263
0.5163
0.5148
0.5176
0.5202
0.5196
0.5178
0.5060
0.4969
0.4918
0.4962
0.4995
0.5051
0.5014
0.4911
0.4776
0.4652
0.4524
0.4485
0.4519
0.4493
0.4409
0.4248
0.4080
0.3836
0.3589
0.3310
0.3052
0.2797
0.2645
0.2474
0.2259
0.2070
0.1912
0.1769
0.1636
0.1633
0.1665
0.1747
0.1790
0.1873
0.1942
0.2018
0.2034
0.1983
0.1876
0.1757
0.1580
0.1401
0.1235
0.1157
0.1107
0.1103
0.1086
0.1031
0.0914
0.0805
0.0656
0.0526
0.0357
0.0152
-0.0099
-0.0355
-0.0592
-0.0839
-0.1140
-0.1450
-0.1830
-0.2165
-0.2428
-0.2592
-0.2638
-0.2618
-0.2643
-0.2780
-0.2993
-0.3286
-0.3579
-0.3919
-0.4284
-0.4556
-0.4788
-0.4867
-0.4874
-0.4812
-0.4753
-0.4701
-0.4699
-0.4680
-0.4606
-0.4483
-0.4299
-0.4076
-0.3873
-0.3617
-0.3397
-0.3174
-0.2937
-0.2653
-0.2348
-0.2024
-0.1751
-0.1505
-0.1306
-0.1066
-0.0744
-0.0357
0.0061
0.0379
0.0605
0.0723
0.0706
0.0647
0.0665
0.0765
0.0970
0.1176
0.1374
0.1530
0.1582
0.1648
0.1741
0.1894
0.2056
0.2254
0.2421
0.2539
0.2559
0.2519
0.2442
0.2422
0.2375
0.2319
0.2231
0.2163
0.2125
0.2042
0.1985
0.1938
0.1945
0.1977
0.1952
0.1884
0.1769
0.1638
0.1467
0.1326
0.1230
0.1211
0.1215
0.1244
0.1317
0.1403
0.1471
0.1633
0.1764
0.1876
0.1879
0.1848
0.1828
0.1784
0.1776
0.1839
0.1882
0.1918
0.1985
0.2062
0.2161
0.2313
0.2449
0.2554
0.2612
0.2667
0.2692
0.2666
0.2665
0.2741
0.2807
0.2880
0.2881
0.2812
0.2746
0.2711
0.2665
0.2670
0.2711
0.2815
0.2922
0.2908
0.2867
0.2763
0.2650
0.2560
0.2508
0.2449
0.2442
0.2373
0.2316
0.2333
0.2353
0.2353
0.2392
0.2417
0.2409
0.2488
0.2652
0.2823
0.3029
0.3280
0.3495
0.3668
0.3724
0.3718
0.3667
0.3597
0.3536
0.3530
0.3541
0.3533
0.3553
0.3491
0.3377
0.3275
0.3150
0.3107
0.3123
0.3191
0.3238
0.3266
0.3171
0.3083
0.3039
0.3118
0.3270
0.3411
0.3495
0.3507
0.3482
0.3484
0.3485
0.3511
0.3588
0.3711
0.3826
0.3932
0.4018
0.4049
0.4033
0.3957
0.3875
0.3827
0.3853
0.3903
0.3997
0.4141
0.4224
0.4274
0.4282
0.4255
0.4194
0.4101
0.4094
0.4142
0.4265
0.4381
0.4458
0.4513
0.4535
0.4520
0.4524
0.4560
0.4625
0.4659
0.4653
0.4625
0.4606
0.4599
0.4631
0.4672
0.4685
0.4647
0.4541
0.4425
0.4264
0.4008
0.3730
0.3503
0.3247
0.2974
0.2689
0.2388
0.2040
0.1634
0.1252
0.0899
0.0632
0.0471
0.0387
0.0303
0.0179
-0.0008
-0.0234
-0.0468
-0.0678
-0.0848
-0.1088
-0.1301
-0.1469
-0.1556
-0.1578
-0.1500
-0.1400
-0.1370
-0.1307
-0.1303
-0.1389
-0.1567
-0.1696
-0.1744
-0.1744
-0.1686
-0.1564
-0.1426
-0.1242
-0.1063
-0.0907
-0.0779
-0.0695
-0.0553
-0.0338
-0.0038
0.0250
0.0560
0.0799
0.0926
0.1006
0.0979
0.0956
0.0903
0.0867
0.0857
0.0835
0.0852
0.0842
0.0832
0.0884
0.0992
0.1069
0.1118
0.1245
0.1336
0.1442
0.1505
0.1566
0.1644
0.1785
0.1930
0.2111
0.2250
0.2361
0.2461
0.2583
0.2677
0.2751
0.2869
0.2992
0.3148
0.3282
0.3358
0.3351
0.3246
0.3097
0.2874
0.2670
0.2504
0.2379
0.2258
0.2127
0.2044
0.1961
0.1866
0.1789
0.1743
0.1710
0.1770
0.1795
0.1891
0.2043
0.2179
0.2278
0.2373
0.2467
0.2532
0.2579
0.2589
0.2597
0.2627
0.2632
0.2652
0.2692
0.2663
0.2614
0.2480
0.2257
0.1975
0.1617
0.1256
0.0965
0.0638
0.0272
-0.0132
-0.0529
-0.0942
-0.1254
-0.1537
-0.1715
-0.1835
-0.1880
-0.1865
-0.1797
-0.1731
-0.1741
-0.1822
-0.1954
-0.2163
-0.2313
-0.2336
-0.2269
-0.2188
-0.2126
-0.2093
-0.2152
-0.2193
-0.2294
-0.2414
-0.2495
-0.2586
-0.2633
-0.2603
-0.2576
-0.2500
-0.2439
-0.2338
-0.2188
-0.2054
-0.1938
-0.1827
-0.1800
-0.1839
-0.1934
-0.2042
-0.2122
-0.2192
-0.2243
-0.2209
-0.2141
-0.1989
-0.1805
-0.1611
-0.1416
-0.1187
-0.0984
-0.0833
-0.0698
-0.0588
-0.0449
-0.0184
0.0180
0.0518
0.0807
0.1142
0.1476
0.1901
0.2364
0.2839
0.3215
0.3543
0.3826
0.4032
0.4181
0.4318
0.4430
0.4535
0.4702
0.4899
0.5077
0.5116
0.5115
0.5038
0.4827
0.4613
0.4313
0.4023
0.3768
0.3575
0.3508
0.3461
0.3409
0.3383
0.3337
0.3320
0.3330
0.3388
0.3463
0.3508
0.3543
0.3560
0.3615
0.3678
0.3761
0.3790
0.3794
0.3813
0.3807
0.3733
0.3680
0.3586
0.3473
0.3384
0.3292
0.3229
0.3131
0.3046
0.2948
0.2845
0.2817
0.2899
0.3000
0.3160
0.3324
0.3520
0.3672
0.3806
0.3846
0.3842
0.3846
0.3785
0.3784
0.3829
0.4005
0.4196
0.4373
0.4457
0.4466
0.4435
0.4294
0.4128
0.3951
0.3719
0.3443
0.3169
0.2988
0.2816
0.2665
0.2612
0.2538
0.2467
0.2404
0.2292
0.2143
0.1989
0.1824
0.1624
0.1410
0.1295
0.1207
0.1206
0.1181
0.1157
0.1092
0.0960
0.0821
0.0692
0.0582
0.0554
0.0540
0.0510
0.0498
0.0534
0.0556
0.0618
0.0721
0.0841
0.0888
0.0930
0.0947
0.0981
0.0968
0.0964
0.1003
0.1050
0.1139
0.1286
0.1391
0.1448
0.1504
0.1612
0.1704
0.1809
0.1952
0.2062
0.2067
0.2011
0.1970
0.1912
0.1893
0.1918
0.2025
0.2163
0.2270
0.2314
0.2307
0.2288
0.2218
0.2114
0.2029
0.2014
0.2028
0.2072
0.2070
0.1958
0.1773
0.1643
0.1606
0.1615
0.1609
0.1627
0.1606
0.1541
0.1498
0.1516
0.1532
0.1553
0.1616
0.1693
0.1690
0.1580
0.1365
0.1108
0.0855
0.0633
0.0395
0.0221
0.0055
-0.0120
-0.0283
-0.0393
-0.0510
-0.0587
-0.0701
-0.0866
-0.0996
-0.1073
-0.1173
-0.1261
-0.1379
-0.1525
-0.1751
-0.1990
-0.2223
-0.2366
-0.2390
-0.2328
-0.2273
-0.2164
-0.2084
-0.2043
-0.2058
-0.2078
-0.2142
-0.2229
-0.2305
-0.2409
-0.2431
-0.2448
-0.2443
-0.2458
-0.2435
-0.2439
-0.2442
-0.2471
-0.2550
-0.2572
-0.2622
-0.2605
-0.2561
-0.2489
-0.2372
-0.2258
-0.2069
-0.1877
-0.1646
-0.1495
-0.1376
-0.1346
-0.1395
-0.1459
-0.1531
-0.1551
-0.1557
-0.1536
-0.1483
-0.1462
-0.1480
-0.1480
-0.1541
-0.1633
-0.1684
-0.1775
-0.1843
-0.1894
-0.1972
-0.2006
-0.1997
-0.2020
-0.2119
-0.2233
-0.2363
-0.2515
-0.2661
-0.2794
-0.2853
-0.2855
-0.2848
-0.2888
-0.2982
-0.3072
-0.3211
-0.3287
-0.3328
-0.3283
-0.3187
-0.3049
-0.2937
-0.2853
-0.2821
-0.2831
-0.2871
-0.2880
-0.2911
-0.2902
-0.2886
-0.2851
-0.2841
-0.2809
-0.2735
-0.2667
-0.2615
-0.2567
-0.2550
-0.2618
-0.2787
-0.2935
-0.3085
-0.3197
-0.3300
-0.3406
-0.3470
-0.3515
-0.3579
-0.3681
-0.3840
-0.4038
-0.4240
-0.4435
-0.4587
-0.4677
-0.4695
-0.4631
-0.4569
-0.4490
-0.4387
-0.4334
-0.4325
-0.4274
-0.4267
-0.4284
-0.4353
-0.4411
-0.4381
-0.4317
-0.4229
-0.4069
-0.3885
-0.3737
-0.3648
-0.3598
-0.3626
-0.3678
-0.3672
-0.3677
-0.3607
-0.3485
-0.3395
-0.3281
-0.3202
-0.3144
-0.3165
-0.3133
-0.3108
-0.3117
-0.3090
-0.3039
-0.2920
-0.2751
-0.2592
-0.2425
-0.2248
-0.2144
-0.2060
-0.2056
-0.2114
-0.2191
-0.2297
-0.2344
-0.2337
-0.2303
-0.2316
-0.2370
-0.2412
-0.2368
-0.2276
-0.2104
-0.1875
-0.1701
-0.1550
-0.1426
-0.1351
-0.1282
-0.1219
-0.1115
-0.0997
-0.0852
-0.0664
-0.0433
-0.0199
0.0080
0.0342
0.0589
0.0763
0.0836
0.0830
0.0806
0.0837
0.0921
0.1019
0.1084
0.1078
0.1039
0.0940
0.0755
0.0468
0.0071
-0.0429
-0.0945
-0.1430
-0.1833
-0.2083
-0.2273
-0.2345
-0.2336
-0.2303
-0.2290
-0.2261
-0.2194
-0.2183
-0.2184
-0.2171
-0.2145
-0.2169
-0.2107
-0.1908
-0.1705
-0.1441
-0.1186
-0.1006
-0.0842
-0.0696
-0.0608
-0.0571
-0.0560
-0.0599
-0.0645
-0.0689
-0.0704
-0.0743
-0.0773
-0.0809
-0.0879
-0.0973
-0.1094
-0.1276
-0.1466
-0.1561
-0.1613
-0.1540
-0.1476
-0.1433
-0.1466
-0.1523
-0.1490
-0.1325
-0.1070
-0.0703
-0.0389
-0.0087
0.0150
0.0265
0.0259
0.0068
-0.0262
-0.0654
-0.1092
-0.1410
-0.1713
-0.1934
-0.2101
-0.2232
-0.2277
-0.2214
-0.2156
-0.2111
-0.2115
-0.2162
-0.2211
-0.2269
-0.2250
-0.2199
-0.2066
-0.1921
-0.1817
-0.1728
-0.1748
-0.1720
-0.1630
-0.1453
-0.1283
-0.1145
-0.1029
-0.0986
-0.0954
-0.0924
-0.0911
-0.0847
-0.0732
-0.0633
-0.0622
-0.0616
-0.0594
-0.0568
-0.0529
-0.0473
-0.0322
-0.0160
0.0048
0.0242
0.0402
0.0451
0.0476
0.0460
0.0409
0.0406
0.0330
0.0133
-0.0160
-0.0443
-0.0652
-0.0812
-0.0914
-0.0977
-0.0954
-0.0880
-0.0757
-0.0535
-0.0329
-0.0162
0.0019
0.0141
0.0271
0.0330
0.0321
0.0180
-0.0029
-0.0319
-0.0568
-0.0809
-0.1066
-0.1314
-0.1534
-0.1774
-0.1981
-0.2156
-0.2221
-0.2262
-0.2213
-0.2113
-0.2078
-0.2015
-0.1987
-0.1996
-0.2060
-0.2042
-0.1997
-0.1941
-0.1777
-0.1589
-0.1453
-0.1399
-0.1427
-0.1471
-0.1485
-0.1543
-0.1541
-0.1508
-0.1450
-0.1360
-0.1262
-0.1147
-0.0995
-0.0891
-0.0787
-0.0686
-0.0559
-0.0445
-0.0278
-0.0116
0.0124
0.0331
0.0521
0.0670
0.0813
0.0985
0.1139
0.1300
0.1485
0.1656
0.1816
0.1980
0.2117
0.2217
0.2265
0.2180
0.2063
0.1961
0.1936
0.1878
0.1829
0.1689
0.1605
0.1483
0.1328
0.1215
0.1083
0.0934
0.0769
0.0621
0.0538
0.0497
0.0535
0.0613
0.0631
0.0575
0.0414
0.0166
-0.0078
-0.0305
-0.0398
-0.0485
-0.0585
-0.0619
-0.0667
-0.0656
-0.0600
-0.0490
-0.0334
-0.0207
-0.0183
-0.0284
-0.0456
-0.0678
-0.0950
-0.1259
-0.1507
-0.1725
-0.1921
-0.2086
-0.2213
-0.2353
-0.2497
-0.2679
-0.2833
-0.2937
-0.3025
-0.3097
-0.3114
-0.3125
-0.3117
-0.3094
-0.3123
-0.3167
-0.3123
-0.3055
-0.2995
-0.2919
-0.2813
-0.2750
-0.2710
-0.2663
-0.2504
-0.2310
-0.2031
-0.1730
-0.1460
-0.1277
-0.1133
-0.1056
-0.0970
-0.0893
-0.0847
-0.0810
-0.0780
-0.0810
-0.0877
-0.0935
-0.0986
-0.1072
-0.1093
-0.1148
-0.1234
-0.1349
-0.1487
-0.1548
-0.1540
-0.1484
-0.1375
-0.1244
-0.1141
-0.1173
-0.1257
-0.1356
-0.1467
-0.1535
-0.1522
-0.1474
-0.1474
-0.1464
-0.1456
-0.1420
-0.1291
-0.1207
-0.1191
-0.1227
-0.1342
-0.1491
-0.1702
-0.1898
-0.2044
-0.2160
-0.2243
-0.2281
-0.2255
-0.2144
-0.2073
-0.1944
-0.1858
-0.1755
-0.1596
-0.1422
-0.1294
-0.1065
-0.0832
-0.0640
-0.0440
-0.0224
0.0024
0.0272
0.0499
0.0690
0.0861
0.0984
0.1079
0.1107
0.1076
0.1044
0.1021
0.1091
0.1192
0.1248
0.1276
0.1252
0.1174
0.1126
0.1116
0.1124
0.1217
0.1318
0.1354
0.1277
0.1147
0.0968
0.0750
0.0559
0.0473
0.0412
0.0388
0.0444
0.0502
0.0463
0.0371
0.0161
-0.0107
-0.0250
-0.0363
-0.0417
-0.0416
-0.0362
-0.0335
-0.0381
-0.0456
-0.0554
-0.0595
-0.0559
-0.0474
-0.0414
-0.0373
-0.0368
-0.0353
-0.0284
-0.0174
-0.0080
-0.0039
0.0033
0.0086
0.0146
0.0201
0.0259
0.0297
0.0395
0.0601
0.0905
0.1126
0.1365
0.1564
0.1675
0.1728
0.1720
0.1719
0.1713
0.1782
0.1941
0.2083
0.2234
0.2336
0.2417
0.2516
0.2508
0.2513
0.2530
0.2486
0.2409
0.2355
0.2318
0.2262
0.2220
0.2219
0.2201
0.2219
0.2242
0.2280
0.2320
0.2357
0.2392
0.2384
0.2338
0.2178
0.2026
0.1865
0.1734
0.1655
0.1658
0.1739
0.1916
0.2113
0.2316
0.2605
0.2884
0.3057
0.3179
0.3243
0.3229
0.3218
0.3186
0.3132
0.3080
0.3064
0.3028
0.3111
0.3212
0.3340
0.3451
0.3573
0.3701
0.3825
0.3937
0.4059
0.4189
0.4264
0.4262
0.4070
0.3722
0.3250
0.2685
0.2110
0.1516
0.0898
0.0283
-0.0316
-0.0893
-0.1380
-0.1808
-0.2158
-0.2329
-0.2415
-0.2484
-0.2583
-0.2654
-0.2691
-0.2666
-0.2559
-0.2416
-0.2264
-0.2134
-0.1973
-0.1857
-0.1727
-0.1619
-0.1519
-0.1400
-0.1295
-0.1179
-0.1149
-0.1278
-0.1447
-0.1606
-0.1698
-0.1625
-0.1495
-0.1314
-0.1169
-0.1194
-0.1288
-0.1400
-0.1549
-0.1632
-0.1672
-0.1709
-0.1719
-0.1739
-0.1768
-0.1758
-0.1762
-0.1809
-0.1843
-0.1937
-0.2090
-0.2306
-0.2481
-0.2613
-0.2642
-0.2586
-0.2417
-0.2288
-0.2251
-0.2303
-0.2373
-0.2402
-0.2414
-0.2379
-0.2233
-0.2049
-0.1777
-0.1529
-0.1333
-0.1098
-0.0850
-0.0598
-0.0386
-0.0186
-0.0046
0.0136
0.0291
0.0477
0.0601
0.0757
0.0900
0.0981
0.1158
0.1345
0.1541
0.1719
0.1824
0.1857
0.1834
0.1743
0.1644
0.1554
0.1400
0.1110
0.0737
0.0285
-0.0185
-0.0695
-0.1143
-0.1494
-0.1819
-0.2122
-0.2358
-0.2540
-0.2674
-0.2768
-0.2848
-0.2896
-0.2916
-0.2940
-0.2975
-0.2982
-0.2938
-0.2879
-0.2802
-0.2780
-0.2662
-0.2524
-0.2342
-0.2133
-0.1964
-0.1904
-0.1909
-0.1920
-0.1889
-0.1795
-0.1751
-0.1751
-0.1708
-0.1665
-0.1694
-0.1743
-0.1791
-0.1835
-0.1908
-0.1972
-0.2009
-0.2006
-0.2030
-0.2076
-0.2141
-0.2251
-0.2396
-0.2522
-0.2689
-0.2863
-0.2978
-0.2999
-0.2947
-0.2920
-0.2840
-0.2763
-0.2756
-0.2852
-0.2994
-0.3062
-0.3172
-0.3242
-0.3273
-0.3314
-0.3372
-0.3485
-0.3635
-0.3799
-0.3939
-0.4084
-0.4174
-0.4242
-0.4294
-0.4304
-0.4192
-0.3991
-0.3719
-0.3511
-0.3424
-0.3380
-0.3400
-0.3401
-0.3402
-0.3397
-0.3409
-0.3490
-0.3581
-0.3627
-0.3646
-0.3606
-0.3502
-0.3382
-0.3200
-0.2997
-0.2873
-0.2683
-0.2509
-0.2276
-0.2066
-0.1889
-0.1706
-0.1519
-0.1310
-0.1137
-0.0929
-0.0708
-0.0513
-0.0420
-0.0433
-0.0482
-0.0514
-0.0554
-0.0494
-0.0415
-0.0303
-0.0204
-0.0137
-0.0046
0.0054
0.0157
0.0226
0.0261
0.0273
0.0290
0.0246
0.0203
0.0182
0.0194
0.0247
0.0299
0.0453
0.0610
0.0782
0.0896
0.1022
0.1061
0.1050
0.0991
0.1041
0.1160
0.1339
0.1510
0.1560
0.1549
0.1483
0.1327
0.1125
0.0863
0.0549
0.0150
-0.0199
-0.0536
-0.0920
-0.1299
-0.1675
-0.1999
-0.2221
-0.2374
-0.2393
-0.2339
-0.2245
-0.2185
-0.2107
-0.2116
-0.2162
-0.2168
-0.2104
-0.1987
-0.1826
-0.1609
-0.1372
-0.1193
-0.0930
-0.0697
-0.0510
-0.0376
-0.0183
-0.0009
0.0131
0.0303
0.0506
0.0714
0.0872
0.1009
0.1030
0.1041
0.0992
0.0929
0.0993
0.1163
0.1299
0.1398
0.1493
0.1618
0.1649
0.1662
0.1655
0.1657
0.1716
0.1693
0.1553
0.1389
0.1410
0.1383
0.1330
0.1371
0.1474
0.1524
0.1652
0.1723
0.1846
0.2060
0.2350
0.2750
0.3055
0.3369
0.3439
0.3325
0.3399
0.3302
0.3248
0.3074
0.3092
0.2997
0.2865
0.2742
0.2777
0.2720
0.2864
0.2914
0.2949
0.2837
0.2956
0.3130
0.3147
0.3253
0.3248
0.3047
0.2970
0.2811
0.2791
0.2632
0.2438
0.2347
0.2079
0.1890
0.1632
0.1379
0.1293
0.1194
0.0883
0.0535
0.0266
-0.0119
-0.0423
-0.0712
-0.0964
-0.1084
-0.1410
-0.1643
-0.1754
-0.1975
-0.2207
-0.2436
-0.2660
-0.2757
-0.2774
-0.2760
-0.2738
-0.2632
-0.2608
-0.2578
-0.2535
-0.2548
-0.2594
-0.2645
-0.2723
-0.2804
-0.2882
-0.3011
-0.3260
-0.3114
-0.3167
-0.3270
-0.3406
-0.3514
-0.3507
-0.3509
-0.3620
-0.3657
-0.3570
-0.3525
-0.3572
-0.3628
-0.3498
-0.3410
-0.3286
-0.3228
-0.3332
-0.3450
-0.3497
-0.3380
-0.3358
-0.3274
-0.3255
-0.3325
-0.3557
-0.3767
-0.4062
-0.4424
-0.4698
-0.4758
-0.4859
-0.4875
-0.4989
-0.5114
-0.5213
-0.5241
-0.5238
-0.5231
-0.5319
-0.5494
-0.5486
-0.5584
-0.5608
-0.5575
-0.5610
-0.5604
-0.5619
-0.5689
-0.5790
-0.5791
-0.5801
-0.5607
-0.5498
-0.5295
-0.5214
-0.5239
-0.5279
-0.5326
-0.5241
-0.5073
-0.4961
-0.4929
-0.4914
-0.4940
-0.4923
-0.4827
-0.4780
-0.4759
-0.4913
-0.5172
-0.5360
-0.5607
-0.5760
-0.5900
-0.5897
-0.5892
-0.5814
-0.5728
-0.5720
-0.5859
-0.6011
-0.5966
-0.5777
-0.5787
-0.5701
-0.5691
-0.5728
-0.5668
-0.5648
-0.5580
-0.5598
-0.5592
-0.5760
-0.5850
-0.6047
-0.6332
-0.6401
-0.6505
-0.6648
-0.6739
-0.6741
-0.6860
-0.7101
-0.7327
-0.7482
-0.7645
-0.7600
-0.7456
-0.7387
-0.7337
-0.7443
-0.7485
-0.7494
-0.7608
-0.7864
-0.7973
-0.8012
-0.7922
-0.7979
-0.7932
-0.7879
-0.7670
-0.7490
-0.7273
-0.7069
-0.6726
-0.6326
-0.5934
-0.5698
-0.5599
-0.5528
-0.5494
-0.5420
-0.5356
-0.5349
-0.5589
-0.6026
-0.6361
-0.6709
-0.6835
-0.7065
-0.7234
-0.7335
-0.7276
-0.7311
-0.7330
-0.7328
-0.7360
-0.7338
-0.7194
-0.7018
-0.6697
-0.6587
-0.6370
-0.6190
-0.6075
-0.6078
-0.6059
-0.5960
-0.5939
-0.5817
-0.5814
-0.5835
-0.5831
-0.5711
-0.5723
-0.5752
-0.5930
-0.5989
-0.6108
-0.6139
-0.6243
-0.6251
-0.6374
-0.6405
-0.6268
-0.6204
-0.6182
-0.5988
-0.5945
-0.5693
-0.5582
-0.5477
-0.5381
-0.5123
-0.4851
-0.4732
-0.4741
-0.4748
-0.4791
-0.4820
-0.4838
-0.4844
-0.4810
-0.4737
-0.4600
-0.4520
-0.4410
-0.4464
-0.4378
-0.4215
-0.4048
-0.4060
-0.4087
-0.4192
-0.4325
-0.4449
-0.4520
-0.4500
-0.4367
-0.4315
-0.4461
-0.4691
-0.4818
-0.4894
-0.4954
-0.5064
-0.5141
-0.5030
-0.5046
-0.4970
-0.4906
-0.4906
-0.4820
-0.4608
-0.4587
-0.4679
-0.4930
-0.5123
-0.5283
-0.5361
-0.5403
-0.5602
-0.5653
-0.5833
-0.6042
-0.6152
-0.6151
-0.6297
-0.6449
-0.6592
-0.6721
-0.6811
-0.6850
-0.6763
-0.6573
-0.6377
-0.6310
-0.6221
-0.6066
-0.5806
-0.5740
-0.5677
-0.5624
-0.5597
-0.5385
-0.5334
-0.5294
-0.5252
-0.5340
-0.5302
-0.5245
-0.5406
-0.5471
-0.5515
-0.5482
-0.5355
-0.5107
-0.4878
-0.4634
-0.4583
-0.4548
-0.4565
-0.4570
-0.4366
-0.3891
-0.3467
-0.3245
-0.3241
-0.3414
-0.3444
-0.3619
-0.3676
-0.3739
-0.3896
-0.4052
-0.4077
-0.4299
-0.4419
-0.4481
-0.4687
-0.4674
-0.4519
-0.4332
-0.4046
-0.3905
-0.3780
-0.3664
-0.3524
-0.3409
-0.3421
-0.3269
-0.3087
-0.2892
-0.2778
-0.2587
-0.2581
-0.2540
-0.2431
-0.2420
-0.2444
-0.2361
-0.2167
-0.1948
-0.1867
-0.1700
-0.1605
-0.1667
-0.1671
-0.1719
-0.1750
-0.1706
-0.1788
-0.1675
-0.1626
-0.1470
-0.1237
-0.1221
-0.1031
-0.0853
-0.0828
-0.0669
-0.0384
-0.0336
-0.0331
-0.0213
-0.0248
-0.0165
-0.0231
-0.0424
-0.0538
-0.0720
-0.0754
-0.0665
-0.0701
-0.0884
-0.0973
-0.1041
-0.1182
-0.1365
-0.1764
-0.2020
-0.2137
-0.2181
-0.2162
-0.2296
-0.2453
-0.2432
-0.2399
-0.2286
-0.2092
-0.2022
-0.1928
-0.1733
-0.1752
-0.1528
-0.1183
-0.0952
-0.0848
-0.0837
-0.0889
-0.0829
-0.0726
-0.0793
-0.0635
-0.0376
-0.0142
-0.0160
-0.0117
0.0043
0.0105
-0.0026
-0.0266
-0.0345
-0.0374
-0.0319
-0.0301
-0.0187
-0.0085
-0.0255
-0.0405
-0.0307
-0.0240
-0.0294
-0.0330
-0.0395
-0.0383
-0.0414
-0.0498
-0.0546
-0.0647
-0.0701
-0.0941
-0.1319
-0.1608
-0.1886
-0.2121
-0.2388
-0.2786
-0.3160
-0.3549
-0.3910
-0.4035
-0.4154
-0.4258
-0.4248
-0.4102
-0.4093
-0.4020
-0.3935
-0.3770
-0.3607
-0.3534
-0.3478
-0.3415
-0.3157
-0.3066
-0.3009
-0.2942
-0.3045
-0.3080
-0.3131
-0.3303
-0.3366
-0.3419
-0.3454
-0.3571
-0.3701
-0.3723
-0.3797
-0.3881
-0.3789
-0.3727
-0.3848
-0.3908
-0.3889
-0.3809
-0.3689
-0.3545
-0.3251
-0.3115
-0.2988
-0.2768
-0.2543
-0.2437
-0.2163
-0.1919
-0.1605
-0.1331
-0.1138
-0.1119
-0.1115
-0.1206
-0.1305
-0.1414
-0.1569
-0.1770
-0.1946
-0.1913
-0.2087
-0.2184
-0.2192
-0.2309
-0.2591
-0.2853
-0.3080
-0.3090
-0.2940
-0.2754
-0.2541
-0.2463
-0.2358
-0.2237
-0.2075
-0.1989
-0.2124
-0.2103
-0.2140
-0.2170
-0.2100
-0.2088
-0.1910
-0.1696
-0.1566
-0.1489
-0.1510
-0.1413
-0.1254
-0.1160
-0.1191
-0.1109
-0.0842
-0.0757
-0.0661
-0.0665
-0.0668
-0.0778
-0.0896
-0.0852
-0.0770
-0.0601
-0.0414
-0.0265
-0.0176
-0.0185
-0.0075
0.0013
-0.0027
-0.0039
-0.0103
-0.0044
-0.0115
-0.0057
-0.0009
-0.0143
0.0086
0.0290
0.0342
0.0234
0.0246
0.0294
0.0268
0.0485
0.0571
0.0734
0.0925
0.1008
0.1034
0.0947
0.0884
0.0921
0.0998
0.1137
0.1144
0.1150
0.1151
0.1111
0.1087
0.0973
0.0685
0.0569
0.0471
0.0437
0.0439
0.0351
0.0324
0.0214
0.0101
0.0127
0.0067
0.0160
0.0106
0.0115
0.0195
0.0247
0.0357
0.0360
0.0231
0.0181
0.0055
-0.0029
-0.0046
-0.0080
-0.0168
-0.0321
-0.0560
-0.0912
-0.1255
-0.1397
-0.1464
-0.1384
-0.1308
-0.1386
-0.1521
-0.1700
-0.1727
-0.1537
-0.1524
-0.1472
-0.1307
-0.1181
-0.1066
-0.0975
-0.0800
-0.0602
-0.0517
-0.0524
-0.0417
-0.0470
-0.0436
-0.0582
-0.0606
-0.0406
-0.0376
-0.0397
-0.0442
-0.0612
-0.0824
-0.0949
-0.1010
-0.1001
-0.1059
-0.1152
-0.1246
-0.1255
-0.1293
-0.1218
-0.1169
-0.1291
-0.1324
-0.1550
-0.1667
-0.1791
-0.1698
-0.1812
-0.1925
-0.1905
-0.1781
-0.1724
-0.1762
-0.1642
-0.1591
-0.1694
-0.1790
-0.1924
-0.2015
-0.2222
-0.2391
-0.2605
-0.2798
-0.3001
-0.3113
-0.3170
-0.3258
-0.3444
-0.3509
-0.3555
-0.3562
-0.3629
-0.3523
-0.3644
-0.3787
-0.3812
-0.3878
-0.3951
-0.3920
-0.3923
-0.3818
-0.3909
-0.3975
-0.4084
-0.4105
-0.4167
-0.4150
-0.4078
-0.4085
-0.4121
-0.4040
-0.4128
-0.4303
-0.4402
-0.4208
-0.4209
-0.4303
-0.4215
-0.4244
-0.4173
-0.4112
-0.4165
-0.4044
-0.4041
-0.4131
-0.4149
-0.4309
-0.4456
-0.4529
-0.4508
-0.4481
-0.4348
-0.4050
-0.3806
-0.3480
-0.3039
-0.2554
-0.2288
-0.1844
-0.1533
-0.1334
-0.1152
-0.1056
-0.0850
-0.0642
-0.0259
0.0212
0.0661
0.1000
0.1357
0.1750
0.2247
0.2961
0.3459
0.3826
0.4057
0.4471
0.4829
0.4950
0.5007
0.5158
0.5184
0.5298
0.5329
0.5451
0.5650
0.5857
0.5908
0.6083
0.6205
0.6340
0.6329
0.6386
0.6521
0.6732
0.7083
0.7384
0.7538
0.7564
0.7591
0.7659
0.7780
0.8082
0.8405
0.8600
0.8749
0.8959
0.9119
0.9107
0.9302
0.9484
0.9719
0.9882
1.0063
1.0223
1.0311
1.0501
1.0667
1.0726
1.0786
1.0760
1.0805
1.0781
1.0725
1.0532
1.0379
1.0145
1.0063
1.0095
1.0227
1.0468
1.0609
1.0518
1.0417
1.0436
1.0501
1.0702
1.0840
1.0977
1.0867
1.0842
1.0911
1.0768
1.0665
1.0632
1.0629
1.0546
1.0328
1.0264
0.9983
0.9723
0.9656
0.9729
0.9868
1.0017
1.0167
1.0356
1.0376
1.0385
1.0454
1.0453
1.0410
1.0406
1.0433
1.0618
1.0700
1.0625
1.0559
1.0324
1.0176
1.0235
1.0301
1.0223
1.0263
1.0289
1.0324
1.0282
1.0241
1.0291
1.0388
1.0578
1.0685
1.0613
1.0535
1.0310
1.0040
0.9984
0.9856
0.9804
0.9789
0.9729
0.9734
0.9751
0.9703
0.9536
0.9331
0.9209
0.9162
0.8947
0.8702
0.8499
0.8353
0.8294
0.8092
0.7956
0.7743
0.7497
0.7265
0.7086
0.6909
0.6798
0.6536
0.6299
0.6195
0.5927
0.5702
0.5482
0.5473
0.5440
0.5460
0.5395
0.5216
0.4905
0.4701
0.4644
0.4680
0.4834
0.4912
0.5036
0.5194
0.5421
0.5500
0.5723
0.5908
0.5881
0.5849
0.5610
0.5491
0.5203
0.4874
0.4694
0.4527
0.4410
0.4430
0.4373
0.4341
0.4403
0.4401
0.4387
0.4243
0.4247
0.4376
0.4510
0.4506
0.4559
0.4634
0.4714
0.4602
0.4552
0.4713
0.4788
0.4778
0.4810
0.4879
0.4922
0.4955
0.5099
0.5069
0.5048
0.4910
0.4844
0.4884
0.4903
0.4876
0.4650
0.4578
0.4694
0.4763
0.4662
0.4817
0.5067
0.5247
0.5203
0.5224
0.5137
0.4975
0.4752
0.4688
0.4590
0.4664
0.4840
0.4888
0.4814
0.4862
0.4738
0.4704
0.4765
0.4814
0.4792
0.4622
0.4546
0.4573
0.4529
0.4360
0.4274
0.4155
0.4246
0.4290
0.4428
0.4665
0.4685
0.4852
0.5013
0.5024
0.4991
0.4910
0.4797
0.4783
0.4827
0.4694
0.4459
0.4268
0.4094
0.4102
0.4058
0.4040
0.4029
0.3947
0.3946
0.3956
0.3915
0.3963
0.4070
0.4376
0.4654
0.4995
0.5251
0.5250
0.5148
0.5201
0.5190
0.5237
0.5258
0.5256
0.5506
0.5763
0.5924
0.6104
0.6103
0.6181
0.6248
0.6320
0.6440
0.6621
0.6796
0.7044
0.7285
0.7428
0.7567
0.7530
0.7598
0.7577
0.7568
0.7461
0.7202
0.7004
0.6982
0.6679
0.6463
0.6178
0.5909
0.5642
0.5445
0.5360
0.5198
0.5189
0.5054
0.4811
0.4522
0.4402
0.4286
0.4163
0.3793
0.3533
0.3396
0.3204
0.2858
0.2676
0.2609
0.2584
0.2452
0.2336
0.2117
0.1661
0.1280
0.0911
0.0571
0.0468
0.0451
0.0452
0.0516
0.0480
0.0471
0.0550
0.0463
0.0315
0.0129
0.0067
-0.0064
0.0080
0.0394
0.0760
0.1154
0.1531
0.1872
0.2006
0.2194
0.2254
0.2355
0.2472
0.2819
0.3019
0.3150
0.3337
0.3446
0.3591
0.3595
0.3355
0.3430
0.3542
0.3603
0.3678
0.3682
0.3565
0.3601
0.3622
0.3705
0.3776
0.3763
0.3803
0.3773
0.3656
0.3705
0.3668
0.3660
0.3818
0.3811
0.3676
0.3564
0.3325
0.3393
0.3172
0.2863
0.2546
0.2394
0.1954
0.1342
0.0850
0.0383
-0.0113
-0.0692
-0.1264
-0.1862
-0.2381
-0.3060
-0.3693
-0.4235
-0.4433
-0.4499
-0.4460
-0.4459
-0.4411
-0.4231
-0.4009
-0.3738
-0.3555
-0.3365
-0.3114
-0.2780
-0.2413
-0.2062
-0.1871
-0.1844
-0.1901
-0.1931
-0.1990
-0.2146
-0.2154
-0.2343
-0.2449
-0.2633
-0.2616
-0.2713
-0.2800
-0.2980
-0.3121
-0.3346
-0.3629
-0.3772
-0.3922
-0.4174
-0.4413
-0.4404
-0.4527
-0.4762
-0.4947
-0.4902
-0.4844
-0.4787
-0.4841
-0.4922
-0.4995
-0.4851
-0.4814
-0.4774
-0.4601
-0.4550
-0.4400
-0.4181
-0.3994
-0.3626
-0.3398
-0.3134
-0.2941
-0.2746
-0.2620
-0.2553
-0.2446
-0.2359
-0.2097
-0.1828
-0.1657
-0.1543
-0.1509
-0.1597
-0.1697
-0.1894
-0.1904
-0.1638
-0.1339
-0.1262
-0.1211
-0.1082
-0.1004
-0.0769
-0.0725
-0.0671
-0.0546
-0.0282
-0.0055
0.0116
0.0109
0.0022
0.0032
0.0116
0.0036
0.0074
0.0104
0.0012
-0.0175
-0.0343
-0.0376
-0.0363
-0.0424
-0.0480
-0.0436
-0.0372
-0.0112
-0.0052
-0.0248
-0.0404
-0.0417
-0.0309
-0.0095
-0.0013
0.0134
0.0064
0.0031
-0.0161
-0.0384
-0.0578
-0.0660
-0.0608
-0.0561
-0.0482
-0.0314
-0.0317
-0.0500
-0.0512
-0.0571
-0.0455
-0.0258
-0.0019
0.0187
0.0234
0.0432
0.0595
0.0867
0.0987
0.0938
0.1010
0.1075
0.1175
0.1267
0.1382
0.1552
0.1596
0.1785
0.1884
0.1989
0.2134
0.2153
0.2130
0.2141
0.2199
0.2323
0.2308
0.2273
0.2285
0.2381
0.2298
0.2136
0.2012
0.1849
0.1806
0.1764
0.1928
0.1992
0.2061
0.2137
0.2170
0.2005
0.1846
0.1814
0.1735
0.1615
0.1532
0.1506
0.1426
0.1208
0.0962
0.0765
0.0580
0.0473
0.0500
0.0477
0.0453
0.0319
0.0315
0.0438
0.0583
0.0539
0.0414
0.0445
0.0359
0.0081
-0.0398
-0.0636
-0.0861
-0.0982
-0.1131
-0.1290
-0.1304
-0.1386
-0.1422
-0.1633
-0.1749
-0.1790
-0.1958
-0.2104
-0.2190
-0.2287
-0.2347
-0.2138
-0.1906
-0.1990
-0.1959
-0.1989
-0.2034
-0.2159
-0.2186
-0.2374
-0.2681
-0.2853
-0.2975
-0.3092
-0.3415
-0.3695
-0.4045
-0.4269
-0.4582
-0.5028
-0.5246
-0.5499
-0.5828
-0.5817
-0.5913
-0.6030
-0.6143
-0.6097
-0.6023
-0.5883
-0.5723
-0.5345
-0.4907
-0.4726
-0.4564
-0.4311
-0.3974
-0.3642
-0.3320
-0.3011
-0.2721
-0.2412
-0.2120
-0.1928
-0.1529
-0.1239
-0.1032
-0.0684
-0.0265
-0.0005
0.0276
0.0677
0.1206
0.1672
0.2355
0.3068
0.3612
0.4049
0.4482
0.4831
0.5137
0.5452
0.5987
0.6686
0.7302
0.7695
0.8046
0.8266
0.8460
0.8601
0.8931
0.9204
0.9451
0.9975
1.0362
1.0682
1.0831
1.1161
1.1435
1.1624
1.1823
1.2123
1.2407
1.2748
1.3021
1.3058
1.3131
1.3174
1.3174
1.3111
1.3156
1.3012
1.2969
1.2813
1.2777
1.2828
1.2702
1.2598
1.2603
1.2555
1.2785
1.2838
1.2665
1.2470
1.2427
1.2498
1.2513
1.2499
1.2495
1.2548
1.2666
1.2722
1.2557
1.2408
1.2271
1.2313
1.2342
1.2294
1.2226
1.2190
1.2239
1.2578
1.2663
1.2710
1.2593
1.2379
1.2287
1.2333
1.2437
1.2310
1.2182
1.1945
1.1703
1.1442
1.1313
1.1146
1.0958
1.0815
1.0882
1.0949
1.0765
1.0698
1.0661
1.0685
1.0736
1.0782
1.0734
1.0686
1.0510
1.0282
0.9923
0.9696
0.9396
0.9066
0.8655
0.8113
0.7615
0.7059
0.6759
0.6467
0.6145
0.5853
0.5552
0.5344
0.5209
0.5112
0.5010
0.4961
0.5040
0.4928
0.4809
0.4768
0.4819
0.4761
0.4658
0.4492
0.4345
0.4382
0.4434
0.4248
0.3921
0.3658
0.3438
0.3106
0.2791
0.2521
0.2342
0.2176
0.1719
0.1432
0.1153
0.0897
0.0764
0.0419
0.0210
0.0053
-0.0138
-0.0349
-0.0378
-0.0515
-0.0640
-0.0713
-0.0718
-0.0591
-0.0146
0.0321
0.0545
0.0705
0.0944
0.1230
0.1632
0.2044
0.2466
0.2971
0.3328
0.3584
0.3714
0.3805
0.4047
0.4377
0.4708
0.4951
0.5039
0.5151
0.5357
0.5367
0.5458
0.5639
0.5812
0.6000
0.6020
0.5946
0.6049
0.6136
0.6125
0.6170
0.6176
0.6149
0.6179
0.6001
0.5966
0.6015
0.5848
0.5744
0.5756
0.5713
0.5697
0.5693
0.5693
0.5746
0.5668
0.5625
0.5741
0.5811
0.5822
0.5909
0.6101
0.6215
0.6301
0.6403
0.6467
0.6416
0.6434
0.6439
0.6293
0.6361
0.6361
0.6459
0.6428
0.6292
0.6225
0.6192
0.6369
0.6512
0.6464
0.6599
0.6781
0.6885
0.7035
0.7168
0.7192
0.7199
0.7138
0.7134
0.7345
0.7515
0.7616
0.7577
0.7728
0.7689
0.7607
0.7560
0.7502
0.7585
0.7676
0.7506
0.7342
0.7252
0.7187
0.7215
0.7353
0.7514
0.7725
0.7980
0.8120
0.8332
0.8600
0.8563
0.8444
0.8549
0.8635
0.8532
0.8607
0.8412
0.8328
0.8429
0.8460
0.8485
0.8529
0.8565
0.8675
0.8692
0.8534
0.8476
0.8405
0.8520
0.8664
0.9018
0.9533
0.9985
1.0300
1.0700
1.0874
1.0895
1.1081
1.1288
1.1523
1.1553
1.1501
1.1573
1.1669
1.1696
1.1737
1.1766
1.1875
1.1986
1.1974
1.2067
1.2260
1.2594
1.2912
1.3285
1.3756
1.4050
1.4140
1.4364
1.4699
1.4962
1.5219
1.5510
1.5914
1.6097
1.6241
1.6650
1.7010
1.7311
1.7597
1.7785
1.7808
1.7996
1.8050
1.8257
1.8234
1.8290
1.8310
1.8193
1.8162
1.8138
1.8025
1.7959
1.7910
1.7895
1.7789
1.7482
1.7243
1.6897
1.6564
1.6268
1.6048
1.5875
1.5749
1.5541
1.5130
1.4688
1.4377
1.4213
1.4070
1.4047
1.3888
1.3777
1.3606
1.3396
1.3170
1.3053
1.2877
1.2593
1.2459
1.2425
1.2420
1.2367
1.2361
1.2632
1.2991
1.3364
1.3550
1.3840
1.4088
1.4177
1.4404
1.4449
1.4744
1.5138
1.5330
1.5619
1.5954
1.6166
1.6493
1.6819
1.7311
1.7591
1.7879
1.8151
1.8412
1.8733
1.9083
1.9398
1.9791
2.0107
2.0481
2.0920
2.1437
2.1831
2.2155
2.2452
2.2892
2.3151
2.3584
2.3969
2.4125
2.4171
2.4356
2.4617
2.4759
2.4732
2.4735
2.4826
2.4899
2.5049
2.5168
2.5295
2.5250
2.5045
2.4775
2.4496
2.4112
2.3846
2.3579
2.3241
2.2891
2.2318
2.1492
2.0771
1.9885
1.9138
1.8346
1.7591
1.6767
1.6116
1.5427
1.4905
1.4574
1.4254
1.3953
1.3672
1.3435
1.3246
1.3084
1.2968
1.2879
1.2723
1.2778
1.2787
1.2778
1.2680
1.2666
1.2856
1.2828
1.2854
1.2601
1.2399
1.2294
1.2258
1.2108
1.1890
1.1783
1.1511
1.1412
1.1277
1.1097
1.0825
1.0386
0.9845
0.9322
0.8868
0.8528
0.8331
0.8280
0.8152
0.7975
0.7787
0.7730
0.7590
0.7318
0.7150
0.7060
0.7080
0.6859
0.6634
0.6390
0.6167
0.5875
0.5524
0.5281
0.4992
0.4820
0.4752
0.4611
0.4344
0.4163
0.3959
0.3637
0.3245
0.2912
0.2586
0.2282
0.2368
0.2314
0.2158
0.2245
0.2111
0.2020
0.2010
0.1839
0.1923
0.2056
0.2172
0.2261
0.2442
0.2628
0.2842
0.2898
0.3121
0.3366
0.3735
0.3987
0.4325
0.4534
0.4631
0.4765
0.4889
0.5052
0.5139
0.5288
0.5242
0.5408
0.5534
0.5667
0.5885
0.6037
0.6137
0.6279
0.6585
0.6939
0.7239
0.7388
0.7604
0.7861
0.8088
0.8415
0.8763
0.9019
0.9056
0.9290
0.9592
0.9636
0.9680
0.9978
1.0204
1.0263
1.0355
1.0250
1.0040
0.9928
0.9727
0.9458
0.9309
0.9118
0.8881
0.8617
0.8547
0.8578
0.8408
0.8232
0.7979
0.7746
0.7437
0.7158
0.6858
0.6702
0.6367
0.6151
0.5917
0.5692
0.5502
0.5135
0.4862
0.4564
0.4341
0.4104
0.3918
0.3897
0.3834
0.3628
0.3707
0.3704
0.3530
0.3449
0.3462
0.3244
0.2958
0.2784
0.2528
0.2279
0.2096
0.1978
0.1729
0.1632
0.1592
0.1450
0.1231
0.1135
0.1134
0.0986
0.0866
0.0865
0.0921
0.0952
0.0952
0.0986
0.1084
0.1262
0.1470
0.1719
0.1724
0.1777
0.1788
0.1770
0.1965
0.2001
0.1977
0.2195
0.2408
0.2544
0.2611
0.2781
0.3014
0.3238
0.3495
0.3878
0.3991
0.4301
0.4744
0.5097
0.5462
0.5856
0.6347
0.6725
0.7054
0.7425
0.7698
0.8144
0.8293
0.8551
0.8877
0.9155
0.9451
0.9666
0.9980
1.0315
1.0695
1.0869
1.1164
1.1290
1.1293
1.1421
1.1524
1.1755
1.1982
1.2244
1.2353
1.2461
1.2437
1.2363
1.2283
1.2223
1.2215
1.2222
1.2023
1.1878
1.1765
1.1751
1.1570
1.1374
1.1445
1.1440
1.1253
1.1180
1.1112
1.1098
1.1000
1.1009
1.0926
1.0837
1.0544
1.0479
1.0293
1.0187
1.0006
0.9972
0.9776
0.9422
0.9240
0.8735
0.8485
0.8374
0.8186
0.7941
0.7894
0.7702
0.7312
0.6906
0.6516
0.6295
0.6103
0.5894
0.5674
0.5262
0.4976
0.4832
0.4766
0.4649
0.4456
0.4147
0.3993
0.3806
0.3582
0.3474
0.3453
0.3484
0.3522
0.3555
0.3618
0.3552
0.3430
0.3240
0.3171
0.3105
0.3183
0.3195
0.3235
0.3290
0.3244
0.3071
0.2986
0.2879
0.2633
0.2567
0.2704
0.2760
0.2708
0.2691
0.2701
0.2602
0.2555
0.2646
0.2483
0.2629
0.2573
0.2421
0.2218
0.2130
0.2005
0.2019
0.1791
0.1591
0.1455
0.1301
0.1237
0.1124
0.1105
0.0960
0.0972
0.0923
0.0786
0.0566
0.0372
0.0022
-0.0049
-0.0165
-0.0319
-0.0599
-0.0755
-0.0790
-0.0791
-0.0863
-0.0953
-0.1122
-0.1127
-0.1319
-0.1643
-0.1881
-0.2004
-0.2188
-0.2305
-0.2500
-0.2700
-0.2825
-0.2981
-0.3219
-0.3413
-0.3509
-0.3768
-0.3816
-0.3919
-0.3967
-0.4208
-0.4555
-0.4872
-0.4904
-0.4974
-0.5135
-0.5194
-0.5357
-0.5449
-0.5555
-0.5606
-0.5784
-0.5744
-0.5705
-0.5555
-0.5387
-0.5125
-0.4811
-0.4517
-0.4239
-0.3955
-0.3562
-0.3125
-0.2884
-0.2670
-0.2526
-0.2319
-0.2165
-0.2090
-0.1963
-0.1873
-0.1974
-0.2172
-0.2176
-0.2160
-0.1914
-0.1828
-0.1989
-0.2147
-0.2282
-0.2393
-0.2423
-0.2293
-0.2022
-0.1878
-0.1861
-0.1908
-0.1984
-0.2146
-0.2194
-0.2298
-0.2224
-0.2266
-0.2283
-0.2387
-0.2661
-0.3002
-0.3179
-0.3395
-0.3481
-0.3574
-0.3434
-0.3435
-0.3377
-0.3361
-0.3588
-0.3652
-0.3601
-0.3653
-0.3714
-0.3701
-0.3849
-0.4011
-0.4057
-0.3877
-0.3726
-0.3498
-0.3213
-0.3045
-0.3145
-0.3093
-0.3000
-0.2934
-0.2875
-0.2785
-0.2609
-0.2448
-0.2353
-0.2336
-0.2275
-0.2298
-0.2254
-0.2163
-0.2190
-0.2344
-0.2362
-0.2313
-0.2249
-0.2237
-0.2142
-0.1961
-0.1722
-0.1583
-0.1357
-0.1198
-0.1044
-0.0844
-0.0770
-0.0870
-0.0898
-0.0913
-0.0852
-0.0773
-0.0611
-0.0618
-0.0532
-0.0355
-0.0207
-0.0152
-0.0136
0.0062
0.0205
0.0238
0.0399
0.0516
0.0581
0.0705
0.0800
0.0773
0.0858
0.0934
0.0905
0.0812
0.0656
0.0577
0.0478
0.0363
0.0207
0.0213
0.0530
0.0612
0.0595
0.0544
0.0588
0.0611
0.0545
0.0474
0.0366
0.0431
0.0546
0.0403
0.0214
-0.0005
-0.0375
-0.0702
-0.0909
-0.1145
-0.1434
-0.1720
-0.1876
-0.2008
-0.2009
-0.2113
-0.2098
-0.2248
-0.2360
-0.2426
-0.2358
-0.2239
-0.2151
-0.1966
-0.1778
-0.1750
-0.1696
-0.1794
-0.1735
-0.1610
-0.1354
-0.1472
-0.1611
-0.1640
-0.1789
-0.2037
-0.2305
-0.2328
-0.2273
-0.2114
-0.1980
-0.1872
-0.1812
-0.1855
-0.1847
-0.1756
-0.1734
-0.1800
-0.1682
-0.1605
-0.1508
-0.1492
-0.1487
-0.1328
-0.1356
-0.1320
-0.1038
-0.0830
-0.0774
-0.0672
-0.0579
-0.0463
-0.0427
-0.0501
-0.0582
-0.0629
-0.0532
-0.0474
-0.0334
-0.0307
-0.0238
-0.0022
0.0038
0.0037
0.0159
0.0477
0.0589
0.0768
0.0817
0.0847
0.0707
0.0642
0.0589
0.0447
0.0248
-0.0071
-0.0283
-0.0591
-0.0961
-0.1400
-0.1892
-0.2269
-0.2637
-0.3035
-0.3420
-0.3751
-0.4139
-0.4445
-0.4659
-0.4867
-0.5167
-0.5272
// ADCData
0.0000
0.1042
0.1250
0.0625
0.0833
0.0208
0.0417
0.0417
0.0417
0.0417
0.0208
0.0208
0.0417
0.0000
0.0417
0.0208
0.0208
0.0417
0.0208
0.0417
0.0208
0.0625
0.2083
0.1458
0.1250
0.0417
0.0833
0.0417
0.1250
0.0833
0.1042
0.0625
0.1042
0.1042
0.1667
0.1250
0.1042
0.2917
0.5417
0.7292
0.4583
0.2917
0.3333
0.4167
0.8542
0.8542
0.7708
0.5000
0.3125
0.3333
0.3333
0.7708
0.3542
0.4167
0.7083
0.5208
0.3542
0.6458
0.7500
1.0833
1.0208
1.8542
2.2292
1.6875
1.3542
1.6875
1.9792
1.8125
1.8750
2.4792
2.8750
2.7708
2.1458
2.6667
2.4792
3.1458
2.9375
2.6250
3.9583
3.1250
3.2708
3.9583
4.3542
4.7292
3.1042
2.5208
2.5625
2.3333
1.6667
1.9583
1.6667
1.5417
0.7500
0.9792
1.0000
0.5417
0.2500
0.2292
0.3125
0.2500
0.1458
// BACData
0.0000
0.1042
0.2292
0.2917
0.3750
0.3958
0.4375
0.4792
0.5208
0.5625
0.5833
0.6042
0.6458
0.6458
0.6875
0.7083
0.7292
0.7708
0.7917
0.8333
0.8542
0.9167
1.1250
1.2708
1.3958
1.4375
1.5208
1.5625
1.6875
1.7708
1.8750
1.9375
2.0417
2.1458
2.3125
2.4375
2.5417
2.8333
3.3750
4.1042
4.5625
4.8542
5.1875
5.6042
6.4583
7.3125
8.0833
8.5833
8.8958
9.2292
9.5625
10.3333
10.6875
11.1042
11.8125
12.3333
12.6875
13.3333
14.0833
15.1667
16.1875
18.0417
20.2708
21.9583
23.3125
25.0000
26.9792
28.7917
30.6667
33.1458
36.0208
38.7917
40.9375
43.6042
46.0833
49.2292
52.1667
54.7917
58.7500
61.8750
65.1458
69.1042
73.4583
78.1875
81.2917
83.8125
86.3750
88.7083
90.3750
92.3333
94.0000
95.5417
96.2917
97.2708
98.2708
98.8125
99.0625
99.2917
99.6042
99.8542
100.0000
