// Header
Version;SJ-210 V.1.100
Date;2026/02/17,14:01:58
Mode;ALL
// Condition
Standard;ISO1997
Profile;R
Filter;GAUSS
Lc;0.8;mm
Ls;2.5;um
N;3
Pre_Length;OFF
Speed;0.5
Range;AUTO
GO/NG;Average
Pitch;0.5;um
// CalcResult
Ra;5.443;um;;
Rq;6.518;um;;
Rz;21.922;um;;
// CalcData
4800
Z
2.8029
2.7967
2.7764
2.7457
2.7125
2.6788
2.6495
2.6271
2.6156
2.6096
2.6045
2.6012
2.5953
2.5912
2.5907
2.5930
2.5976
2.6080
2.6270
2.6412
2.6611
2.6831
2.7172
2.7627
2.8157
2.8822
2.9576
3.0379
3.1120
3.1715
3.2323
3.2957
3.3639
3.4329
3.5030
3.5715
3.6336
3.6901
3.7378
3.7821
3.8218
3.8581
3.8975
3.9368
3.9735
4.0074
4.0350
4.0562
4.0710
4.0790
4.0823
4.0787
4.0697
4.0538
4.0298
3.9999
3.9704
3.9415
3.9132
3.8875
3.8619
3.8370
3.8090
3.7710
3.7302
3.6855
3.6391
3.5932
3.5457
3.4975
3.4544
3.4129
3.3673
3.3209
3.2715
3.2221
3.1702
3.1192
3.0662
3.0049
2.9273
2.8400
2.7506
2.6637
2.5924
2.5391
2.4939
2.4534
2.4159
2.3744
2.3325
2.2927
2.2534
2.2095
2.1710
2.1279
2.0870
2.0556
2.0302
2.0062
1.9832
1.9598
1.9297
1.9010
1.8745
1.8495
1.8235
1.8001
1.7817
1.7629
1.7477
1.7259
1.7114
1.7026
1.6981
1.6959
1.6922
1.6912
1.6892
1.6851
1.6840
1.6927
1.7079
1.7312
1.7506
1.7744
1.8026
1.8348
1.8685
1.9144
1.9734
2.0359
2.0968
2.1623
2.2252
2.2796
2.3245
2.3713
2.4160
2.4624
2.5056
2.5400
2.5681
2.5823
2.5927
2.6062
2.6170
2.6261
2.6325
2.6315
2.6182
2.5899
2.5556
2.5143
2.4689
2.4241
2.3767
2.3191
2.2641
2.2107
2.1593
2.1089
2.0608
2.0166
1.9803
1.9500
1.9251
1.9049
1.8819
1.8520
1.8103
1.7601
1.7054
1.6430
1.5820
1.5177
1.4528
1.3835
1.3101
1.2252
1.1365
1.0415
0.9423
0.8403
0.7374
0.6302
0.5190
0.4054
0.2858
0.1569
0.0208
-0.1191
-0.2605
-0.3932
-0.5157
-0.6342
-0.7428
-0.8415
-0.9238
-0.9824
-1.0228
-1.0499
-1.0656
-1.0735
-1.0750
-1.0741
-1.0713
-1.0679
-1.0559
-1.0384
-1.0067
-0.9738
-0.9305
-0.8835
-0.8400
-0.7970
-0.7613
-0.7247
-0.6841
-0.6465
-0.6155
-0.5919
-0.5749
-0.5629
-0.5558
-0.5474
-0.5448
-0.5456
-0.5513
-0.5637
-0.5871
-0.6206
-0.6656
-0.7189
-0.7803
-0.8494
-0.9259
-1.0151
-1.1146
-1.2203
-1.3240
-1.4289
-1.5370
-1.6452
-1.7540
-1.8678
-1.9900
-2.1189
-2.2436
-2.3593
-2.4700
-2.5764
-2.6814
-2.7869
-2.8921
-3.0015
-3.1060
-3.2046
-3.2919
-3.3693
-3.4340
-3.4887
-3.5361
-3.5806
-3.6233
-3.6631
-3.7042
-3.7368
-3.7642
-3.7808
-3.7890
-3.7949
-3.7946
-3.7912
-3.7867
-3.7816
-3.7715
-3.7606
-3.7432
-3.7240
-3.7002
-3.6734
-3.6504
-3.6312
-3.6112
-3.5843
-3.5556
-3.5212
-3.4839
-3.4491
-3.4227
-3.4041
-3.3836
-3.3630
-3.3375
-3.3074
-3.2800
-3.2625
-3.2565
-3.2576
-3.2592
-3.2557
-3.2436
-3.2198
-3.1897
-3.1564
-3.1283
-3.1082
-3.0970
-3.0921
-3.0907
-3.0902
-3.0944
-3.1031
-3.1132
-3.1265
-3.1437
-3.1568
-3.1712
-3.1860
-3.1958
-3.2032
-3.2094
-3.2154
-3.2239
-3.2352
-3.2416
-3.2424
-3.2432
-3.2417
-3.2411
-3.2391
-3.2327
-3.2219
-3.2084
-3.1869
-3.1715
-3.1596
-3.1548
-3.1504
-3.1473
-3.1420
-3.1288
-3.1144
-3.1034
-3.0980
-3.0929
-3.0912
-3.0913
-3.0923
-3.0987
-3.1088
-3.1335
-3.1621
-3.1947
-3.2272
-3.2518
-3.2808
-3.3064
-3.3298
-3.3474
-3.3640
-3.3803
-3.3989
-3.4163
-3.4307
-3.4409
-3.4479
-3.4473
-3.4454
-3.4431
-3.4329
-3.4138
-3.3927
-3.3669
-3.3441
-3.3233
-3.3090
-3.3032
-3.2981
-3.2893
-3.2778
-3.2660
-3.2528
-3.2366
-3.2180
-3.1948
-3.1713
-3.1467
-3.1198
-3.0909
-3.0602
-3.0321
-3.0057
-2.9815
-2.9585
-2.9358
-2.9137
-2.8870
-2.8563
-2.8282
-2.8011
-2.7817
-2.7678
-2.7636
-2.7605
-2.7614
-2.7566
-2.7516
-2.7470
-2.7430
-2.7395
-2.7340
-2.7213
-2.7043
-2.6850
-2.6629
-2.6380
-2.6121
-2.5823
-2.5544
-2.5261
-2.4960
-2.4674
-2.4397
-2.4148
-2.3927
-2.3728
-2.3477
-2.3222
-2.2953
-2.2663
-2.2400
-2.2161
-2.1921
-2.1673
-2.1411
-2.1151
-2.0902
-2.0693
-2.0568
-2.0436
-2.0341
-2.0288
-2.0266
-2.0255
-2.0299
-2.0326
-2.0396
-2.0493
-2.0581
-2.0672
-2.0721
-2.0718
-2.0805
-2.0980
-2.1175
-2.1350
-2.1504
-2.1581
-2.1611
-2.1633
-2.1720
-2.1929
-2.2172
-2.2461
-2.2695
-2.2925
-2.3155
-2.3373
-2.3581
-2.3807
-2.4043
-2.4304
-2.4549
-2.4772
-2.4935
-2.5118
-2.5331
-2.5606
-2.5910
-2.6244
-2.6523
-2.6699
-2.6838
-2.6952
-2.7088
-2.7253
-2.7446
-2.7661
-2.7915
-2.8153
-2.8385
-2.8545
-2.8659
-2.8757
-2.8787
-2.8831
-2.8880
-2.8879
-2.8794
-2.8728
-2.8635
-2.8552
-2.8476
-2.8397
-2.8370
-2.8332
-2.8261
-2.8205
-2.8199
-2.8201
-2.8240
-2.8260
-2.8253
-2.8300
-2.8346
-2.8380
-2.8329
-2.8212
-2.8122
-2.7972
-2.7865
-2.7787
-2.7722
-2.7659
-2.7563
-2.7452
-2.7403
-2.7337
-2.7254
-2.7208
-2.7177
-2.7161
-2.7125
-2.7092
-2.7045
-2.6966
-2.6866
-2.6772
-2.6688
-2.6667
-2.6606
-2.6489
-2.6323
-2.6107
-2.5898
-2.5710
-2.5513
-2.5222
-2.4884
-2.4495
-2.4051
-2.3559
-2.3037
-2.2466
-2.1887
-2.1319
-2.0714
-2.0027
-1.9360
-1.8763
-1.8222
-1.7694
-1.7213
-1.6731
-1.6216
-1.5680
-1.5100
-1.4519
-1.4048
-1.3668
-1.3389
-1.3252
-1.3181
-1.3108
-1.3143
-1.3238
-1.3353
-1.3539
-1.3736
-1.3913
-1.4076
-1.4266
-1.4489
-1.4732
-1.5010
-1.5244
-1.5445
-1.5557
-1.5685
-1.5794
-1.5893
-1.5997
-1.6091
-1.6195
-1.6280
-1.6410
-1.6572
-1.6864
-1.7254
-1.7650
-1.8035
-1.8363
-1.8687
-1.9012
-1.9320
-1.9622
-1.9918
-2.0234
-2.0577
-2.0899
-2.1227
-2.1523
-2.1819
-2.2086
-2.2291
-2.2456
-2.2549
-2.2622
-2.2687
-2.2771
-2.2851
-2.2966
-2.3072
-2.3146
-2.3173
-2.3152
-2.3073
-2.2978
-2.2897
-2.2878
-2.2860
-2.2858
-2.2866
-2.2812
-2.2738
-2.2608
-2.2481
-2.2359
-2.2202
-2.2045
-2.1801
-2.1541
-2.1322
-2.1098
-2.0900
-2.0760
-2.0594
-2.0375
-2.0113
-1.9821
-1.9474
-1.9139
-1.8788
-1.8423
-1.8022
-1.7582
-1.7109
-1.6606
-1.6071
-1.5492
-1.4854
-1.4234
-1.3641
-1.3024
-1.2408
-1.1821
-1.1221
-1.0594
-0.9926
-0.9234
-0.8520
-0.7771
-0.7079
-0.6375
-0.5617
-0.4732
-0.3757
-0.2721
-0.1613
-0.0505
0.0515
0.1472
0.2418
0.3373
0.4314
0.5253
0.6241
0.7258
0.8254
0.9175
1.0096
1.0974
1.1823
1.2563
1.3236
1.3841
1.4282
1.4610
1.4923
1.5177
1.5325
1.5352
1.5355
1.5340
1.5325
1.5304
1.5268
1.5186
1.5122
1.5029
1.4949
1.4939
1.4943
1.4991
1.5073
1.5126
1.5131
1.5149
1.5128
1.5120
1.5155
1.5258
1.5384
1.5498
1.5607
1.5724
1.5802
1.5885
1.5993
1.6116
1.6300
1.6520
1.6723
1.6897
1.7029
1.7055
1.6997
1.6963
1.7040
1.7175
1.7328
1.7454
1.7455
1.7336
1.7074
1.6735
1.6417
1.6130
1.5935
1.5754
1.5620
1.5549
1.5515
1.5562
1.5574
1.5621
1.5673
1.5767
1.5892
1.6063
1.6276
1.6483
1.6652
1.6770
1.6850
1.6909
1.7001
1.7240
1.7515
1.7856
1.8192
1.8483
1.8762
1.8972
1.9152
1.9328
1.9419
1.9474
1.9515
1.9570
1.9692
1.9945
2.0244
2.0579
2.0870
2.1064
2.1247
2.1451
2.1793
2.2259
2.2817
2.3390
2.3861
2.4274
2.4697
2.5183
2.5731
2.6283
2.6883
2.7487
2.8094
2.8649
2.9112
2.9445
2.9697
2.9996
3.0236
3.0463
3.0734
3.0966
3.1173
3.1334
3.1469
3.1590
3.1623
3.1513
3.1252
3.0853
3.0387
3.0010
2.9701
2.9521
2.9445
2.9410
2.9377
2.9365
2.9357
2.9392
2.9518
2.9672
2.9857
2.9980
3.0090
3.0178
3.0251
3.0301
3.0345
3.0457
3.0544
3.0595
3.0650
3.0670
3.0667
3.0743
3.0833
3.1040
3.1254
3.1452
3.1596
3.1704
3.1765
3.1774
3.1784
3.1711
3.1618
3.1587
3.1566
3.1484
3.1383
3.1340
3.1348
3.1394
3.1481
3.1620
3.1762
3.1881
3.1970
3.2035
3.2102
3.2204
3.2371
3.2599
3.2899
3.3276
3.3618
3.3966
3.4280
3.4613
3.4969
3.5346
3.5729
3.6124
3.6486
3.6874
3.7299
3.7820
3.8442
3.9020
3.9632
4.0291
4.0926
4.1615
4.2311
4.3003
4.3714
4.4350
4.4961
4.5621
4.6305
4.7008
4.7710
4.8422
4.9158
4.9863
5.0564
5.1270
5.1964
5.2618
5.3200
5.3725
5.4285
5.4858
5.5431
5.6034
5.6662
5.7244
5.7818
5.8418
5.8981
5.9458
5.9886
6.0200
6.0494
6.0728
6.0849
6.1015
6.1108
6.1130
6.1088
6.0971
6.0826
6.0634
6.0383
6.0098
5.9796
5.9395
5.8881
5.8259
5.7596
5.6892
5.6139
5.5354
5.4483
5.3530
5.2541
5.1442
5.0314
4.9079
4.7736
4.6348
4.4945
4.3595
4.2329
4.1156
4.0073
3.8947
3.7955
3.7023
3.6137
3.5267
3.4441
3.3684
3.2975
3.2257
3.1563
3.0942
3.0342
2.9743
2.9201
2.8708
2.8245
2.7803
2.7414
2.7006
2.6626
2.6287
2.5954
2.5694
2.5440
2.5234
2.5040
2.4871
2.4632
2.4429
2.4256
2.4141
2.4152
2.4280
2.4450
2.4626
2.4911
2.5190
2.5427
2.5701
2.6008
2.6286
2.6622
2.6988
2.7392
2.7812
2.8210
2.8529
2.8792
2.9078
2.9434
2.9880
3.0333
3.0756
3.1132
3.1385
3.1600
3.1845
3.2107
3.2410
3.2774
3.3189
3.3642
3.4172
3.4759
3.5400
3.6110
3.6809
3.7563
3.8258
3.8905
3.9442
3.9957
4.0379
4.0591
4.0624
4.0497
4.0234
3.9896
3.9505
3.9093
3.8659
3.8312
3.8019
3.7680
3.7323
3.6917
3.6412
3.5874
3.5276
3.4669
3.4077
3.3430
3.2752
3.2060
3.1358
3.0625
2.9918
2.9295
2.8678
2.8045
2.7372
2.6573
2.5729
2.4821
2.3812
2.2740
2.1610
2.0388
1.9017
1.7544
1.5910
1.4262
1.2583
1.0951
0.9461
0.8063
0.6709
0.5483
0.4333
0.3137
0.1931
0.0691
-0.0599
-0.1871
-0.3100
-0.4254
-0.5312
-0.6296
-0.7234
-0.8131
-0.9091
-1.0020
-1.0962
-1.1888
-1.2856
-1.3756
-1.4581
-1.5336
-1.5985
-1.6579
-1.7081
-1.7495
-1.7820
-1.8080
-1.8209
-1.8241
-1.8234
-1.8209
-1.8095
-1.7954
-1.7826
-1.7620
-1.7323
-1.6985
-1.6581
-1.6069
-1.5555
-1.5034
-1.4451
-1.3873
-1.3334
-1.2820
-1.2312
-1.1842
-1.1412
-1.0977
-1.0429
-0.9806
-0.9090
-0.8410
-0.7713
-0.7109
-0.6491
-0.5890
-0.5253
-0.4578
-0.3946
-0.3269
-0.2570
-0.1936
-0.1419
-0.1029
-0.0700
-0.0448
-0.0186
0.0003
0.0128
0.0112
0.0019
-0.0067
-0.0199
-0.0299
-0.0437
-0.0580
-0.0804
-0.1063
-0.1391
-0.1814
-0.2275
-0.2777
-0.3290
-0.3795
-0.4294
-0.4890
-0.5548
-0.6302
-0.7061
-0.7853
-0.8642
-0.9405
-1.0234
-1.1117
-1.2084
-1.3073
-1.4086
-1.5095
-1.6130
-1.7103
-1.8062
-1.9152
-2.0338
-2.1644
-2.3060
-2.4478
-2.5838
-2.7054
-2.8082
-2.8937
-2.9663
-3.0336
-3.0977
-3.1570
-3.2137
-3.2628
-3.2959
-3.3152
-3.3210
-3.3188
-3.3172
-3.3070
-3.2882
-3.2621
-3.2328
-3.2028
-3.1685
-3.1312
-3.0878
-3.0334
-2.9741
-2.9111
-2.8502
-2.7932
-2.7400
-2.6840
-2.6295
-2.5679
-2.5096
-2.4483
-2.3846
-2.3223
-2.2635
-2.2055
-2.1529
-2.1080
-2.0701
-2.0385
-2.0096
-1.9849
-1.9595
-1.9340
-1.9152
-1.9015
-1.8952
-1.9003
-1.9114
-1.9216
-1.9363
-1.9540
-1.9732
-1.9925
-2.0080
-2.0195
-2.0349
-2.0559
-2.0858
-2.1236
-2.1712
-2.2224
-2.2731
-2.3206
-2.3687
-2.4220
-2.4799
-2.5451
-2.6185
-2.6907
-2.7549
-2.8114
-2.8575
-2.9040
-2.9535
-3.0027
-3.0478
-3.0922
-3.1332
-3.1638
-3.1841
-3.2018
-3.2145
-3.2350
-3.2628
-3.2943
-3.3210
-3.3357
-3.3420
-3.3437
-3.3400
-3.3346
-3.3301
-3.3239
-3.3182
-3.3124
-3.3059
-3.2935
-3.2697
-3.2412
-3.2082
-3.1737
-3.1334
-3.0913
-3.0416
-2.9855
-2.9228
-2.8541
-2.7806
-2.7054
-2.6384
-2.5776
-2.5228
-2.4732
-2.4328
-2.3903
-2.3500
-2.3136
-2.2809
-2.2526
-2.2290
-2.2085
-2.1927
-2.1840
-2.1831
-2.1766
-2.1625
-2.1484
-2.1367
-2.1320
-2.1348
-2.1520
-2.1780
-2.2081
-2.2355
-2.2658
-2.2915
-2.3229
-2.3518
-2.3751
-2.3965
-2.4157
-2.4346
-2.4621
-2.4912
-2.5253
-2.5598
-2.5889
-2.6171
-2.6444
-2.6606
-2.6703
-2.6779
-2.6853
-2.6905
-2.6923
-2.6932
-2.6996
-2.7061
-2.7126
-2.7141
-2.7090
-2.7004
-2.6876
-2.6756
-2.6638
-2.6419
-2.6180
-2.5972
-2.5758
-2.5531
-2.5243
-2.4954
-2.4662
-2.4339
-2.3979
-2.3574
-2.3163
-2.2828
-2.2528
-2.2306
-2.2124
-2.1950
-2.1762
-2.1545
-2.1377
-2.1165
-2.0891
-2.0666
-2.0420
-2.0268
-2.0209
-2.0227
-2.0409
-2.0643
-2.0962
-2.1390
-2.1883
-2.2517
-2.3229
-2.3984
-2.4692
-2.5329
-2.5886
-2.6414
-2.6916
-2.7462
-2.7988
-2.8592
-2.9235
-2.9890
-3.0569
-3.1227
-3.1822
-3.2343
-3.2796
-3.3227
-3.3664
-3.4025
-3.4373
-3.4759
-3.5110
-3.5402
-3.5734
-3.6005
-3.6210
-3.6341
-3.6484
-3.6597
-3.6796
-3.7102
-3.7457
-3.7731
-3.7978
-3.8132
-3.8193
-3.8176
-3.8182
-3.8251
-3.8363
-3.8530
-3.8688
-3.8768
-3.8842
-3.8918
-3.8973
-3.9038
-3.9188
-3.9362
-3.9512
-3.9515
-3.9439
-3.9306
-3.9117
-3.8917
-3.8745
-3.8554
-3.8390
-3.8203
-3.7985
-3.7760
-3.7443
-3.7073
-3.6679
-3.6276
-3.5912
-3.5644
-3.5446
-3.5276
-3.5127
-3.4972
-3.4728
-3.4470
-3.4300
-3.4145
-3.4001
-3.3905
-3.3789
-3.3662
-3.3446
-3.3158
-3.2864
-3.2566
-3.2343
-3.2166
-3.2027
-3.1912
-3.1714
-3.1442
-3.1171
-3.0911
-3.0726
-3.0623
-3.0524
-3.0462
-3.0357
-3.0232
-3.0100
-2.9976
-2.9835
-2.9773
-2.9755
-2.9744
-2.9741
-2.9830
-2.9918
-2.9964
-3.0011
-3.0049
-3.0072
-3.0019
-2.9945
-2.9879
-2.9899
-3.0004
-3.0214
-3.0524
-3.0912
-3.1349
-3.1875
-3.2361
-3.2788
-3.3117
-3.3394
-3.3747
-3.4170
-3.4695
-3.5266
-3.5882
-3.6528
-3.7186
-3.7837
-3.8565
-3.9293
-4.0038
-4.0834
-4.1654
-4.2424
-4.3187
-4.3909
-4.4598
-4.5278
-4.5935
-4.6558
-4.7240
-4.7900
-4.8439
-4.8838
-4.9115
-4.9262
-4.9315
-4.9346
-4.9378
-4.9382
-4.9298
-4.9213
-4.9077
-4.8906
-4.8654
-4.8342
-4.7946
-4.7599
-4.7249
-4.6978
-4.6672
-4.6374
-4.6014
-4.5609
-4.5154
-4.4563
-4.3861
-4.3061
-4.2276
-4.1460
-4.0622
-3.9834
-3.9010
-3.8199
-3.7345
-3.6494
-3.5577
-3.4672
-3.3781
-3.2890
-3.2022
-3.1163
-3.0356
-2.9562
-2.8730
-2.7964
-2.7294
-2.6688
-2.6201
-2.5865
-2.5695
-2.5585
-2.5576
-2.5582
-2.5684
-2.5908
-2.6255
-2.6673
-2.7133
-2.7550
-2.7956
-2.8247
-2.8480
-2.8714
-2.9043
-2.9394
-2.9816
-3.0241
-3.0587
-3.0833
-3.1026
-3.1163
-3.1366
-3.1631
-3.1942
-3.2359
-3.2822
-3.3262
-3.3692
-3.4093
-3.4500
-3.4897
-3.5276
-3.5608
-3.5906
-3.6176
-3.6396
-3.6641
-3.6921
-3.7230
-3.7644
-3.8179
-3.8722
-3.9271
-3.9807
-4.0379
-4.0819
-4.1163
-4.1504
-4.1856
-4.2251
-4.2681
-4.3120
-4.3477
-4.3638
-4.3696
-4.3657
-4.3584
-4.3519
-4.3508
-4.3573
-4.3629
-4.3694
-4.3671
-4.3568
-4.3484
-4.3389
-4.3355
-4.3284
-4.3218
-4.3166
-4.3118
-4.3059
-4.3047
-4.3175
-4.3385
-4.3693
-4.4011
-4.4405
-4.4783
-4.5169
-4.5526
-4.5893
-4.6257
-4.6587
-4.6964
-4.7334
-4.7712
-4.8001
-4.8240
-4.8511
-4.8825
-4.9194
-4.9629
-5.0070
-5.0486
-5.0947
-5.1367
-5.1786
-5.2228
-5.2655
-5.3080
-5.3475
-5.3828
-5.4145
-5.4371
-5.4565
-5.4687
-5.4838
-5.4944
-5.5053
-5.5161
-5.5323
-5.5478
-5.5637
-5.5842
-5.6052
-5.6198
-5.6367
-5.6473
-5.6599
-5.6742
-5.6885
-5.7068
-5.7225
-5.7419
-5.7564
-5.7645
-5.7718
-5.7747
-5.7766
-5.7837
-5.8038
-5.8050
-5.7781
-5.7596
-5.7554
-5.7587
-5.7747
-5.7790
-5.7794
-5.7728
-5.7493
-5.7308
-5.7011
-5.6765
-5.6673
-5.6725
-5.6438
-5.6291
-5.6232
-5.6317
-5.6228
-5.6021
-5.5843
-5.5747
-5.5617
-5.5462
-5.5369
-5.5333
-5.5325
-5.5357
-5.5429
-5.5571
-5.5704
-5.6011
-5.6233
-5.6301
-5.6260
-5.6184
-5.6094
-5.6025
-5.6217
-5.6315
-5.6650
-5.6893
-5.7215
-5.7339
-5.7475
-5.7456
-5.7509
-5.7566
-5.7607
-5.7675
-5.7711
-5.7834
-5.7948
-5.8015
-5.8109
-5.8512
-5.8821
-5.9057
-5.9336
-5.9734
-6.0190
-6.0634
-6.1118
-6.1435
-6.1999
-6.2521
-6.3039
-6.3440
-6.3919
-6.4349
-6.4605
-6.4867
-6.5158
-6.5404
-6.5574
-6.5786
-6.5988
-6.6259
-6.6629
-6.7119
-6.7553
-6.7864
-6.8130
-6.8479
-6.8589
-6.8725
-6.8934
-6.9280
-6.9664
-7.0071
-7.0329
-7.0633
-7.0878
-7.1175
-7.1544
-7.1924
-7.2366
-7.2923
-7.3542
-7.4220
-7.4831
-7.5545
-7.6193
-7.6804
-7.7308
-7.7754
-7.8216
-7.8753
-7.9243
-7.9652
-7.9991
-8.0441
-8.0690
-8.0901
-8.1234
-8.1594
-8.1789
-8.2143
-8.2486
-8.2832
-8.3271
-8.3585
-8.3740
-8.3936
-8.4077
-8.4131
-8.4170
-8.4351
-8.4376
-8.4463
-8.4611
-8.4686
-8.4712
-8.4734
-8.4622
-8.4447
-8.4473
-8.4312
-8.4080
-8.3705
-8.3499
-8.3200
-8.2929
-8.2625
-8.2569
-8.2334
-8.2098
-8.1795
-8.1442
-8.0896
-8.0465
-7.9970
-7.9453
-7.9083
-7.8639
-7.8171
-7.7641
-7.6959
-7.6361
-7.5923
-7.5481
-7.5092
-7.4704
-7.4452
-7.4102
-7.3762
-7.3431
-7.3082
-7.2674
-7.2266
-7.1886
-7.1380
-7.0970
-7.0485
-7.0105
-6.9784
-6.9598
-6.9158
-6.8904
-6.8502
-6.8285
-6.8015
-6.7860
-6.7623
-6.7396
-6.7230
-6.7077
-6.6614
-6.6471
-6.6337
-6.6144
-6.5712
-6.5340
-6.5158
-6.5015
-6.5044
-6.4892
-6.4594
-6.4454
-6.4355
-6.4136
-6.4050
-6.3903
-6.3751
-6.3826
-6.3986
-6.4214
-6.4400
-6.4691
-6.4935
-6.5322
-6.5547
-6.5768
-6.6216
-6.6565
-6.6875
-6.7074
-6.7604
-6.8103
-6.8543
-6.9154
-6.9924
-7.0926
-7.1785
-7.2476
-7.3208
-7.4192
-7.5136
-7.6261
-7.7616
-7.9238
-8.0986
-8.2704
-8.4309
-8.5807
-8.7020
-8.8121
-8.9090
-9.0000
-9.0789
-9.1250
-9.1611
-9.2030
-9.2607
-9.3003
-9.3476
-9.3759
-9.3753
-9.3781
-9.4196
-9.4484
-9.4772
-9.4896
-9.4944
-9.4923
-9.4820
-9.4704
-9.4707
-9.4798
-9.4743
-9.4727
-9.4490
-9.4233
-9.3818
-9.3136
-9.2419
-9.1701
-9.0985
-9.0046
-8.9041
-8.8042
-8.7243
-8.6205
-8.5106
-8.3875
-8.2824
-8.1671
-8.0381
-7.9140
-7.7959
-7.6867
-7.5771
-7.4719
-7.3625
-7.2661
-7.1751
-7.0807
-6.9970
-6.9255
-6.8464
-6.7928
-6.7429
-6.6908
-6.6399
-6.5869
-6.5245
-6.4547
-6.3981
-6.3608
-6.3152
-6.2735
-6.2442
-6.1954
-6.1499
-6.1011
-6.0559
-6.0058
-5.9672
-5.9359
-5.9278
-5.8898
-5.8605
-5.8402
-5.8173
-5.7990
-5.7716
-5.7521
-5.7159
-5.6809
-5.6544
-5.6331
-5.6110
-5.5904
-5.5691
-5.5512
-5.5336
-5.4992
-5.4657
-5.4598
-5.4609
-5.4464
-5.4294
-5.4155
-5.4022
-5.3871
-5.3739
-5.3579
-5.3303
-5.2937
-5.2532
-5.1957
-5.1430
-5.0993
-5.0544
-4.9909
-4.9622
-4.9311
-4.9069
-4.8620
-4.8158
-4.7756
-4.7422
-4.7097
-4.6865
-4.6579
-4.6427
-4.6074
-4.5625
-4.5091
-4.4672
-4.4363
-4.4050
-4.3550
-4.3301
-4.2947
-4.2543
-4.1976
-4.1587
-4.1072
-4.0516
-4.0138
-3.9708
-3.9247
-3.8899
-3.8407
-3.7969
-3.7615
-3.7131
-3.6655
-3.6292
-3.5661
-3.5074
-3.4457
-3.3737
-3.3056
-3.2413
-3.1633
-3.0995
-3.0311
-2.9524
-2.8631
-2.7591
-2.6842
-2.6020
-2.5366
-2.4362
-2.3466
-2.2296
-2.0859
-1.9679
-1.8534
-1.7453
-1.6353
-1.5252
-1.4330
-1.3110
-1.2109
-1.0978
-0.9705
-0.8492
-0.7293
-0.6148
-0.4818
-0.3565
-0.2391
-0.1309
-0.0150
0.0960
0.2111
0.3244
0.4073
0.4246
0.5256
0.6247
0.7474
0.8015
0.9279
1.0957
1.2136
1.3512
1.4417
1.5682
1.7045
1.8299
1.9907
2.0744
2.1921
2.3483
2.4987
2.6089
2.7587
2.9014
2.9577
3.0615
3.1360
3.2340
3.3436
3.4088
3.5161
3.6502
3.7959
3.8793
4.0012
4.0981
4.1885
4.2918
4.3861
4.5282
4.6870
4.7613
4.8477
4.9537
5.1091
5.2423
5.3590
5.5112
5.6336
5.7475
5.8716
5.9813
6.1425
6.2636
6.3612
6.4735
6.5980
6.7793
6.8922
7.0335
7.1471
7.3051
7.4449
7.5445
7.6673
7.7743
7.8548
7.8993
8.0337
8.1650
8.2688
8.3442
8.4173
8.4625
8.5649
8.6632
8.7816
8.8122
8.8852
8.9647
9.0031
9.0455
9.1137
9.1821
9.2339
9.3228
9.3873
9.4256
9.4579
9.5271
9.6195
9.7282
9.7838
9.8446
9.8947
9.9559
10.0218
10.0375
10.0828
10.1526
10.2329
10.3637
10.4116
10.4878
10.5682
10.6476
10.7499
10.8316
10.9019
10.8985
10.9824
11.0966
11.1843
11.2253
11.3297
11.4011
11.4735
11.5372
11.5961
11.6489
11.6959
11.7837
11.8515
11.9264
11.9652
12.0055
12.0530
12.0699
12.1537
12.1994
12.2147
12.2787
12.3344
12.3936
12.4400
12.4239
12.4409
12.4511
12.5029
12.5289
12.6149
12.5989
12.6006
12.6268
12.6576
12.6987
12.6928
12.7251
12.6752
12.6942
12.6260
12.6684
12.6728
12.6729
12.7058
12.6612
12.6271
12.6408
12.6034
12.6152
12.5537
12.5370
12.5269
12.4858
12.4973
12.4935
12.4960
12.4782
12.4221
12.3653
12.3150
12.2743
12.2262
12.1815
12.1580
12.1479
12.0715
12.0008
11.9512
11.8626
11.8004
11.8152
11.7699
11.6383
11.5741
11.5589
11.4545
11.3402
11.2045
11.1651
11.1065
11.0473
10.9179
10.8129
10.7108
10.6299
10.5275
10.4319
10.3544
10.2836
10.1899
10.1107
10.0215
9.8382
9.6989
9.6346
9.5680
9.4545
9.3309
9.3069
9.2713
9.1797
9.0591
9.0005
8.9692
8.8189
8.7291
8.7252
8.6590
8.6234
8.5822
8.5254
8.5485
8.5684
8.5032
8.4725
8.4512
8.4099
8.3970
8.3980
8.3826
8.3921
8.3782
8.3633
8.3915
8.3682
8.3430
8.2657
8.2131
8.2179
8.1836
8.1666
8.0675
8.0409
7.9742
7.9422
7.8321
7.6920
7.5883
7.5232
7.4882
7.4174
7.3218
7.2976
7.2074
7.1002
6.9541
6.8696
6.7799
6.7443
6.6992
6.6028
6.5189
6.4129
6.3376
6.2763
6.1535
6.1246
6.0652
6.0362
5.9996
5.9530
5.8651
5.7832
5.7062
5.6539
5.5890
5.5522
5.5346
5.4086
5.3270
5.2339
5.1588
5.1063
5.0937
5.0654
5.0561
4.9800
4.8829
4.8902
4.7980
4.8107
4.7630
4.7243
4.6606
4.4972
4.4322
4.4411
4.3684
4.2851
4.1631
4.0742
4.0200
3.9157
3.8369
3.7494
3.6761
3.5527
3.4718
3.4056
3.3922
3.2815
3.2354
3.1647
3.0659
3.0342
2.9824
2.8946
2.8533
2.8210
2.7222
2.7154
2.6972
2.6729
2.6049
2.5343
2.4837
2.4986
2.4497
2.3893
2.3522
2.3479
2.3278
2.3192
2.3090
2.2993
2.2463
2.2320
2.1814
2.1706
2.1227
2.0938
2.0738
2.0282
2.0002
1.8867
1.7999
1.7595
1.6902
1.6083
1.5104
1.4610
1.4225
1.3936
1.3782
1.3028
1.1956
1.1254
1.0954
1.0664
0.9781
0.8832
0.8504
0.7832
0.6803
0.6397
0.6133
0.6257
0.5574
0.5338
0.5019
0.4819
0.3813
0.3238
0.2793
0.2608
0.2085
0.2022
0.1798
0.0745
0.0474
0.0429
0.0590
0.0572
-0.0084
-0.0627
-0.1168
-0.2104
-0.2414
-0.2600
-0.3077
-0.3228
-0.3289
-0.3419
-0.3252
-0.3286
-0.3343
-0.3316
-0.3878
-0.4258
-0.4846
-0.5057
-0.4549
-0.4163
-0.3953
-0.3895
-0.3453
-0.3927
-0.3746
-0.3585
-0.3664
-0.3266
-0.3490
-0.3462
-0.3456
-0.3672
-0.4211
-0.5010
-0.5100
-0.4970
-0.4858
-0.5499
-0.6480
-0.7317
-0.7829
-0.8275
-0.9096
-0.9811
-1.0364
-1.0713
-1.1422
-1.1868
-1.2103
-1.2777
-1.4120
-1.4673
-1.5509
-1.6345
-1.6979
-1.7425
-1.8061
-1.8480
-1.8603
-1.8621
-1.9601
-1.9972
-2.0417
-2.0679
-2.0569
-2.0750
-2.0999
-2.1433
-2.2280
-2.2637
-2.2641
-2.2596
-2.3000
-2.3657
-2.3600
-2.4324
-2.4383
-2.4526
-2.5059
-2.5028
-2.4812
-2.5031
-2.5417
-2.5767
-2.5976
-2.6386
-2.6624
-2.6722
-2.6864
-2.6751
-2.6991
-2.7344
-2.7594
-2.7776
-2.7861
-2.7793
-2.8083
-2.9091
-2.9408
-2.9368
-2.9240
-2.9500
-3.0444
-3.0690
-3.1100
-3.1142
-3.1261
-3.1448
-3.1684
-3.1968
-3.2081
-3.2223
-3.2327
-3.2304
-3.2514
-3.2641
-3.2703
-3.3480
-3.3911
-3.3560
-3.3576
-3.4139
-3.4341
-3.4680
-3.4743
-3.4752
-3.5210
-3.5748
-3.6000
-3.6011
-3.5976
-3.6168
-3.7222
-3.8036
-3.7945
-3.7996
-3.8139
-3.8095
-3.8818
-3.9339
-3.9678
-4.0354
-4.0709
-4.1013
-4.1834
-4.2623
-4.3062
-4.3449
-4.3613
-4.4444
-4.4844
-4.5286
-4.5740
-4.5617
-4.5914
-4.6598
-4.7430
-4.7681
-4.7255
-4.7758
-4.8096
-4.8636
-4.9389
-4.9460
-4.9890
-4.9945
-5.0655
-5.1203
-5.2108
-5.2334
-5.2506
-5.2658
-5.2512
-5.2962
-5.3532
-5.3290
-5.3366
-5.3834
-5.4621
-5.5324
-5.5585
-5.6015
-5.7151
-5.8726
-5.9507
-6.0521
-6.1330
-6.1831
-6.2825
-6.3744
-6.4445
-6.5077
-6.6168
-6.6695
-6.7656
-6.8438
-6.8785
-6.9384
-7.0430
-7.0958
-7.1368
-7.1995
-7.2341
-7.2372
-7.3150
-7.3482
-7.3801
-7.4579
-7.4851
-7.4934
-7.5093
-7.5263
-7.5411
-7.5850
-7.6637
-7.6369
-7.5847
-7.6251
-7.6437
-7.6349
-7.5834
-7.6403
-7.6012
-7.6201
-7.6163
-7.6402
-7.6666
-7.7069
-7.6614
-7.6788
-7.7388
-7.8086
-7.8717
-7.9153
-7.9609
-7.9678
-7.9404
-7.8930
-7.8926
-7.8506
-7.8610
-7.8473
-7.8484
-7.8628
-7.8432
-7.8483
-7.8024
-7.8137
-7.8619
-7.8562
-7.8199
-7.8135
-7.7982
-7.7812
-7.7810
-7.8134
-7.7757
-7.7151
-7.6896
-7.6356
-7.6049
-7.5866
-7.5486
-7.5220
-7.4478
-7.4267
-7.4316
-7.4174
-7.3941
-7.3919
-7.3608
-7.2834
-7.2128
-7.2403
-7.1801
-7.0678
-7.0084
-6.9848
-6.9285
-6.9420
-6.9123
-6.8878
-6.8970
-6.8571
-6.8687
-6.8683
-6.9288
-6.9292
-6.9234
-6.9262
-6.9789
-7.0474
-7.1081
-7.1483
-7.2262
-7.3047
-7.3232
-7.3823
-7.4720
-7.5443
-7.6442
-7.6800
-7.7291
-7.7801
-7.8647
-7.9422
-8.0708
-8.1611
-8.2540
-8.3213
-8.3999
-8.5251
-8.5959
-8.6626
-8.7140
-8.8464
-8.9336
-8.9879
-9.0906
-9.1695
-9.3133
-9.4092
-9.4496
-9.5326
-9.6000
-9.6030
-9.6325
-9.7349
-9.8036
-9.8616
-9.8361
-9.8611
-9.8868
-9.9239
-9.9237
-9.9500
-9.9884
-9.9383
-9.8648
-9.8284
-9.8504
-9.8960
-9.8721
-9.8452
-9.8555
-9.8644
-9.8175
-9.8427
-9.8446
-9.8427
-9.8651
-9.8745
-9.9020
-9.9078
-9.8828
-9.8310
-9.8087
-9.7583
-9.7497
-9.6794
-9.6641
-9.6252
-9.6084
-9.5299
-9.4984
-9.4424
-9.3932
-9.3190
-9.2745
-9.2281
-9.1829
-9.0660
-8.9529
-8.8913
-8.8131
-8.7234
-8.6400
-8.6170
-8.4857
-8.4108
-8.3303
-8.2288
-8.2134
-8.1353
-8.1217
-8.0789
-7.9880
-7.8900
-7.8002
-7.7789
-7.7174
-7.6646
-7.5732
-7.4555
-7.4117
-7.3445
-7.2909
-7.1907
-7.0340
-6.9204
-6.8652
-6.8236
-6.7233
-6.6706
-6.5651
-6.4825
-6.4302
-6.3184
-6.2095
-6.0993
-6.0316
-5.9908
-5.8991
-5.8099
-5.6981
-5.5765
-5.5060
-5.4321
-5.2995
-5.1863
-5.0833
-5.0298
-4.9564
-4.8229
-4.7635
-4.6485
-4.4760
-4.3840
-4.3092
-4.2203
-4.1401
-4.0272
-3.9588
-3.9315
-3.8730
-3.7570
-3.6736
-3.6585
-3.5544
-3.5269
-3.4807
-3.4313
-3.4025
-3.3499
-3.3127
-3.2324
-3.1408
-2.9946
-2.9243
-2.8642
-2.7892
-2.6516
-2.5247
-2.4019
-2.2724
-2.1659
-1.9993
-1.8720
-1.7831
-1.7138
-1.6005
-1.4251
-1.3360
-1.1862
-1.0774
-0.9788
-0.8052
-0.6599
-0.4555
-0.2944
-0.1323
-0.0144
0.1506
0.2416
0.3394
0.5262
0.6491
0.7115
0.8260
0.9404
1.0645
1.1421
1.2171
1.2801
1.3574
1.4278
1.4864
1.5258
1.5862
1.6896
1.7693
1.8131
1.9246
2.0153
2.0190
2.1144
2.1733
2.1738
2.2375
2.3225
2.3524
2.3240
2.2601
2.2560
2.2537
2.2834
2.3631
2.4759
2.4921
2.4813
2.5439
2.5547
2.6422
2.6911
2.8236
2.9497
3.0056
3.1156
3.2447
3.3481
3.3966
3.4314
3.4601
3.5407
3.6733
3.7447
3.7455
3.7603
3.7769
3.8722
3.9195
3.8798
3.9085
3.9199
3.9008
3.8401
3.8434
3.9161
3.9627
3.9679
3.9975
3.9688
3.9663
3.9546
3.9151
3.9145
3.8662
3.8872
3.8831
3.7680
3.7034
3.7112
3.6855
3.6810
3.7261
3.7631
3.7649
3.7921
3.7902
3.8180
3.8676
3.8578
3.8448
3.8875
3.9368
3.9809
4.0515
4.1649
4.2297
4.2906
4.3615
4.3904
4.5213
4.5428
4.6105
4.6149
4.6850
4.7741
4.7941
4.8764
5.0072
5.1267
5.1702
5.1736
5.2354
5.3634
5.4413
5.5139
5.5568
5.6270
5.7162
5.7950
5.8622
5.9467
5.9292
5.9525
6.0264
6.0970
6.1670
6.2164
6.2429
6.3063
6.3517
6.3974
6.4868
6.5232
6.5422
6.5976
6.6293
6.6997
6.7960
6.8877
6.9500
7.0233
7.0934
7.1341
7.1558
7.1886
7.2606
7.3078
7.3180
7.3958
7.4695
7.5355
7.5759
7.6502
7.6579
7.7205
7.7834
7.8363
7.8940
7.9268
7.9959
8.0724
8.1065
8.1754
8.3129
8.3666
8.3807
8.4166
8.4916
8.6218
8.6316
8.7013
8.7542
8.7676
8.8206
8.9209
8.9437
8.9956
9.0766
9.1626
9.2285
9.2428
9.2777
9.3323
9.3809
9.4188
9.4274
9.3889
9.4798
9.6233
9.6923
9.7684
9.7979
9.9108
9.9451
9.9984
10.0333
10.0735
10.1535
10.2478
10.3238
10.4419
10.5007
10.5488
10.6235
10.6432
10.7230
10.7578
10.8251
10.9238
10.9981
11.0012
11.1160
11.2321
11.2837
11.3424
11.3978
11.4340
11.5204
11.6873
11.7390
11.7626
11.7901
11.8548
11.8883
11.9918
12.0889
12.0986
12.1460
12.2430
12.3321
12.3841
12.4338
12.4823
12.5210
12.5550
12.5594
12.5748
12.6280
12.7145
12.8039
12.9010
12.9881
13.0370
13.0749
13.1139
13.1329
13.1622
13.2589
13.3100
13.3835
13.4136
13.4605
13.5174
13.5710
13.5969
13.7060
13.7529
13.8700
13.9764
14.0521
14.1187
14.1674
14.2538
14.3448
14.4114
14.5007
14.6122
14.6705
14.7120
14.8043
14.8189
14.8232
14.8756
14.8773
14.9566
15.1282
15.2159
15.2899
15.3187
15.3593
15.4108
15.4190
15.4447
15.5084
15.5703
15.6449
15.7007
15.7209
15.7518
15.8092
15.8334
15.8291
15.8510
15.9326
15.9777
16.0059
16.0330
16.0536
16.0068
16.0097
16.0532
16.1147
16.1566
16.1429
16.1770
16.1332
16.1740
16.2055
16.2492
16.2869
16.2745
16.3081
16.2519
16.2594
16.3039
16.4090
16.4302
16.4247
16.4696
16.5197
16.5441
16.5061
16.4939
16.5100
16.5847
16.6068
16.6454
16.6472
16.6144
16.6406
16.6885
16.7218
16.7115
16.7383
16.7682
16.7926
16.8353
16.8883
16.8473
16.8505
16.8852
16.9601
16.9717
16.9198
16.9055
16.9157
16.9669
16.9957
16.9820
16.9755
17.0249
17.0680
17.0742
17.1197
17.0921
17.0925
17.0914
17.1263
17.1586
17.1986
17.2191
17.2642
17.3312
17.3373
17.2984
17.2714
17.3310
17.3523
17.3381
17.4047
17.3955
17.4197
17.4319
17.4393
17.4140
17.4820
17.4837
17.5109
17.5533
17.5945
17.6098
17.5653
17.5645
17.6541
17.7318
17.7437
17.7244
17.7616
17.7825
17.8222
17.7999
17.7678
17.8262
17.8685
17.8363
17.8422
17.9319
17.9728
17.9828
17.9252
17.9142
17.9998
18.0304
17.9955
18.0010
18.0571
18.0875
18.1127
18.1235
18.0997
18.1056
18.1169
18.1462
18.2315
18.2061
18.1884
18.2022
18.2197
18.2427
18.2558
18.2691
18.3089
18.2840
18.2774
18.2822
18.2993
18.3765
18.3423
18.3619
18.3993
18.4180
18.4751
18.4643
18.4454
18.4293
18.4442
18.4642
18.5202
18.5567
18.5506
18.4996
18.5487
18.5546
18.5836
18.6198
18.6141
18.5995
18.5805
18.5880
18.6513
18.6088
18.6554
18.6443
18.6118
18.5749
18.5783
18.6580
18.6967
18.6481
18.6622
18.6702
18.6374
18.6068
18.6480
18.6819
18.7057
18.7214
18.7305
18.7788
18.8078
18.8661
18.8477
18.8798
18.8667
18.9090
18.9305
18.9202
18.9434
19.0031
19.0594
19.0691
19.0440
19.0252
19.0153
18.9774
19.0230
19.0771
19.1182
19.1430
19.0874
19.0687
19.1695
19.2504
19.2238
19.2211
19.2250
19.2512
19.2450
19.1958
19.2101
19.2635
19.2801
19.3496
19.3511
19.3118
19.3423
19.3414
19.3318
19.2705
19.2653
19.2749
19.3057
19.2877
19.3091
19.3240
19.3307
19.3553
19.3731
19.3535
19.3415
19.2807
19.2503
19.2913
19.2953
19.2960
19.2863
19.2966
19.2943
19.3214
19.3646
19.4149
19.4380
19.4154
19.4288
19.4179
19.4234
19.5163
19.5237
19.5240
19.5712
19.5773
19.6136
19.6386
19.6325
19.5448
19.5368
19.5278
19.5620
19.6081
19.5863
19.5565
19.6145
19.5943
19.5234
19.4795
19.5265
19.6134
19.6572
19.6340
19.5695
19.5627
19.5716
19.5521
19.5030
19.4450
19.4606
19.4314
19.3937
19.3386
19.2981
19.3006
19.2348
19.1557
19.0506
19.0362
19.0037
18.8955
18.8621
18.8243
18.7559
18.6285
18.5384
18.4731
18.3069
18.2344
18.1730
18.0056
17.8636
17.7555
17.6218
17.5396
17.3778
17.1974
17.0613
16.9602
16.8202
16.6582
16.5025
16.3170
16.1047
15.9506
15.7472
15.5001
15.2026
14.9627
14.7057
14.4719
14.2316
13.9112
13.6979
13.5457
13.3468
13.0967
12.8828
12.7141
12.4757
12.1907
11.9972
11.8227
11.5592
11.3689
11.1177
10.8921
10.7029
10.5227
10.3457
10.2187
10.0256
9.7898
9.5329
9.3896
9.2633
9.1092
8.8892
8.7014
8.6014
8.4698
8.2982
8.0774
7.9246
7.7944
7.6000
7.4363
7.2524
7.0355
6.8732
6.7564
6.6595
6.4697
6.2738
6.1399
5.9199
5.7223
5.6205
5.4724
5.3510
5.2079
5.0976
4.9354
4.7582
4.5808
4.4609
4.3268
4.1742
3.9950
3.8133
3.6360
3.5400
3.3840
3.2164
3.1130
2.9718
2.8661
2.8221
2.7556
2.6290
2.5120
2.4095
2.2475
2.1145
2.0421
1.9761
1.8591
1.6719
1.5393
1.4221
1.2972
1.1218
0.9651
0.8571
0.7635
0.6285
0.4466
0.3571
0.1824
0.0575
-0.0773
-0.2166
-0.3244
-0.4511
-0.5638
-0.7403
-0.8586
-0.9612
-1.1537
-1.2409
-1.3414
-1.4866
-1.6127
-1.7500
-1.8582
-1.9455
-1.9885
-2.0862
-2.1613
-2.2762
-2.3841
-2.4320
-2.4986
-2.5846
-2.6316
-2.6436
-2.6858
-2.7335
-2.8103
-2.8606
-2.9274
-3.0299
-3.0554
-3.1458
-3.2614
-3.2916
-3.3647
-3.5068
-3.6438
-3.7865
-3.9132
-4.0639
-4.1736
-4.3548
-4.4841
-4.6646
-4.8240
-4.9508
-5.0986
-5.2287
-5.3959
-5.5738
-5.7345
-5.8646
-5.9560
-6.0474
-6.1227
-6.2358
-6.3803
-6.4920
-6.6266
-6.7532
-6.8836
-7.0113
-7.1516
-7.2775
-7.4178
-7.4784
-7.5530
-7.6389
-7.7326
-7.8567
-7.9269
-8.0285
-8.0653
-8.1607
-8.2636
-8.3520
-8.4778
-8.5540
-8.6181
-8.6765
-8.7314
-8.8366
-8.9469
-9.0659
-9.1333
-9.2148
-9.2884
-9.2776
-9.3572
-9.4766
-9.5155
-9.4112
-9.4056
-9.3561
-9.3089
-9.2633
-9.2978
-9.3449
-9.3183
-9.2883
-9.2736
-9.2839
-9.2606
-9.2186
-9.2449
-9.2607
-9.3275
-9.3173
-9.3487
-9.3896
-9.4422
-9.4228
-9.4474
-9.4882
-9.4630
-9.4512
-9.4895
-9.5238
-9.5299
-9.5478
-9.5304
-9.5933
-9.6614
-9.7009
-9.6835
-9.7265
-9.7402
-9.7662
-9.7838
-9.7982
-9.8673
-9.9201
-9.9583
-10.0081
-10.0446
-10.0755
-10.0586
-10.0804
-10.1124
-10.1204
-10.1047
-10.1825
-10.2269
-10.2426
-10.2325
-10.2364
-10.2804
-10.3693
-10.4978
-10.6626
-10.7811
-10.8719
-10.9151
-10.9792
-11.0237
-11.0244
-11.0953
-11.1704
-11.2051
-11.2340
-11.1899
-11.2161
-11.2275
-11.2213
-11.1999
-11.2038
-11.1943
-11.1257
-11.0908
-11.1193
-11.1326
-11.1084
-10.9744
-10.9556
-10.9202
-10.9154
-10.8630
-10.7874
-10.7301
-10.6823
-10.6371
-10.5874
-10.5063
-10.4776
-10.4247
-10.3447
-10.3421
-10.3733
-10.3592
-10.3388
-10.3146
-10.2390
-10.2532
-10.3036
-10.2863
-10.2030
-10.1296
-10.0947
-9.9930
-9.9713
-9.9308
-9.8422
-9.8240
-9.8183
-9.7877
-9.7173
-9.6506
-9.6017
-9.5570
-9.4811
-9.4179
-9.2979
-9.2554
-9.2307
-9.1755
-9.1621
-9.0959
-8.9925
-8.9804
-8.9411
-8.8946
-8.8467
-8.8066
-8.8158
-8.8249
-8.8821
-8.8630
-8.8574
-8.9702
-9.0568
-9.1789
-9.3054
-9.4070
-9.5289
-9.6653
-9.7432
-9.8726
-10.0091
-10.1366
-10.2939
-10.4314
-10.5605
-10.6654
-10.7748
-10.9465
-11.1141
-11.2759
-11.3535
-11.4279
-11.5223
-11.6250
-11.6977
-11.7476
-11.8462
-11.9293
-12.0082
-12.1324
-12.1338
-12.1421
-12.1765
-12.2835
-12.2672
-12.2814
-12.2718
-12.2867
-12.3350
-12.3368
-12.3447
-12.3384
-12.3290
-12.3016
-12.2889
-12.3223
-12.2934
-12.2405
-12.1732
-12.1552
-12.1062
-12.0060
-11.9224
-11.8776
-11.8472
-11.7624
-11.6600
-11.5667
-11.4766
-11.3832
-11.2928
-11.2692
-11.2409
-11.1098
-11.0046
-10.9761
-10.8802
-10.7270
-10.6067
-10.4818
-10.3529
-10.2103
-10.1412
-10.0550
-9.9126
-9.8271
-9.6777
-9.5460
-9.4791
-9.3941
-9.3013
-9.1729
-9.0988
-9.0754
-9.0739
-9.0628
-9.0353
-8.9797
-8.9438
-8.9079
-8.8912
-8.8199
-8.7453
-8.6751
-8.6621
-8.6316
-8.5790
-8.5230
-8.4740
-8.4160
-8.3607
-8.3423
-8.2805
-8.2065
-8.1634
-8.1908
-8.2608
-8.2868
-8.2353
-8.1374
-8.0680
-8.0294
-8.0097
-7.9840
-7.9282
-7.8711
-7.7607
-7.6757
-7.6497
-7.5769
-7.4660
-7.3874
-7.2944
-7.2304
-7.1557
-7.0763
-7.0034
-6.9460
-6.8637
-6.7563
-6.6642
-6.5800
-6.5000
-6.4343
-6.4044
-6.3675
-6.2828
-6.2213
-6.1754
-6.2099
-6.1734
-6.1113
-6.0413
-5.9969
-5.9914
-5.9513
-5.8880
-5.8027
-5.7208
-5.7431
-5.7304
-5.6664
-5.6518
-5.6241
-5.5986
-5.5058
-5.4906
-5.4304
-5.3995
-5.3423
-5.2797
-5.1903
-5.1621
-5.1159
-5.1124
-5.0692
-5.0591
-5.0207
-4.9792
-4.9607
-4.9276
-4.7927
-4.7503
-4.6817
-4.6512
-4.6234
-4.5512
-4.4390
-4.3003
-4.2272
-4.1364
-4.0661
-4.0018
-3.9474
-3.8370
-3.7396
-3.6943
-3.5780
-3.4777
-3.4398
-3.3626
-3.2075
-3.0872
-2.9956
-2.9072
-2.8274
-2.7134
-2.5766
-2.4233
-2.3288
-2.2581
-2.1240
-1.9320
-1.8365
-1.7140
-1.5603
-1.4687
-1.3328
-1.2380
-1.1900
-1.0778
-0.9399
-0.7850
-0.6762
-0.5527
-0.4911
-0.3524
-0.2427
-0.1411
-0.0674
0.0388
0.1252
0.2265
0.3093
0.3794
0.4595
0.5199
0.5758
0.6685
0.7580
0.8755
0.9452
1.0303
1.1667
1.2150
1.3506
1.4353
1.5139
1.6770
1.8684
2.0160
2.1203
2.2551
2.3425
2.4341
2.5628
2.6929
2.7991
2.9460
3.0420
3.1713
3.2896
3.4295
3.4880
3.5904
3.7692
3.8487
3.9208
4.0056
4.1029
4.1480
4.2468
4.2754
4.3272
4.3987
4.3986
4.3695
4.4357
4.4433
4.4320
4.3916
4.3621
4.3371
4.3366
4.3394
4.3053
4.3010
4.2527
4.2201
4.2261
4.2381
4.2800
4.2864
4.2479
4.2042
4.1367
4.1120
4.0956
4.1055
4.0898
4.1376
4.1425
4.1515
4.1443
4.1402
4.1618
4.1839
4.1603
4.1659
4.2354
4.2662
4.2398
4.2003
4.2189
4.1824
4.1701
4.2335
4.2823
4.3568
4.4171
4.4577
4.4643
4.4759
4.4874
4.5566
4.5541
4.6405
4.6453
4.6786
4.6942
4.7069
4.7539
4.7582
4.7716
4.7616
4.8220
4.8072
4.8472
4.9077
4.9780
5.0207
5.1151
5.1829
5.2269
5.2506
5.3195
5.3879
5.4435
5.5464
5.6010
5.6646
5.7219
5.7507
5.8188
5.8841
5.9457
5.9757
5.9846
6.0356
6.0175
5.9702
5.9952
5.9846
5.9649
5.9509
5.9804
5.9990
5.9520
5.9416
5.9528
5.9453
5.9278
5.9158
5.9549
6.0016
5.9689
5.9620
5.9244
5.8053
5.7770
5.7647
5.7245
5.7160
5.6861
5.6504
5.6512
5.6377
5.5944
5.5092
5.5252
5.5188
5.4835
5.4646
5.4416
5.4647
5.4674
5.5261
5.5458
5.5579
5.5383
5.4956
5.5020
5.5076
5.5767
5.5443
5.6010
5.6059
5.6299
5.6235
5.5496
5.5695
5.5744
5.5631
5.5167
5.4937
5.4529
5.3953
5.3761
5.3919
5.3990
5.3607
5.3549
5.3687
5.3676
5.3650
5.3490
5.3340
5.3782
5.3598
5.3367
5.3426
5.3273
5.2586
5.2297
5.1713
5.1433
5.0936
5.0201
5.0354
4.9880
4.9668
4.8825
4.8340
4.7811
4.7024
4.6600
4.6811
4.6696
4.6514
4.6386
4.6607
4.6396
4.6495
4.6069
4.5967
4.5640
4.5082
4.4492
4.4115
4.2908
4.1658
4.0297
3.8811
3.7469
3.5301
3.3433
3.1515
2.9237
2.6804
2.5277
2.4499
2.2779
2.1758
2.0652
1.9282
1.8021
1.7066
1.6301
1.5790
1.5348
1.5101
1.4589
1.4278
1.4004
1.3798
1.3251
1.2865
1.2735
1.2671
1.3307
1.3429
1.2460
1.2479
1.2621
1.2816
1.3384
1.3310
1.3344
1.3521
1.3513
1.3156
1.2854
1.2446
1.1973
1.1884
1.1236
1.0602
1.0049
0.9319
0.8607
0.8052
0.7055
0.6128
0.5490
0.4370
0.3164
0.2675
0.1451
0.0583
0.0060
0.0267
-0.0964
-0.1453
-0.1390
-0.1460
-0.1994
-0.2355
-0.2167
-0.2456
-0.3080
-0.3124
-0.2722
-0.2399
-0.2681
-0.3228
-0.3079
-0.2881
-0.3105
-0.3774
-0.4032
-0.3733
-0.4038
-0.4234
-0.4270
-0.4399
-0.4703
-0.5265
-0.5311
-0.5544
-0.5241
-0.5204
-0.5663
-0.6192
-0.6213
-0.6318
-0.6810
-0.6862
-0.7202
-0.7214
-0.7359
-0.7630
-0.7557
-0.7785
-0.7834
-0.7917
-0.8337
-0.8773
-0.9115
-0.9008
-0.9131
-0.9193
-0.9173
-0.9817
-1.0169
-1.0637
-1.0769
-1.1079
-1.0852
-1.0644
-1.0879
-1.1607
-1.2013
-1.1727
-1.1696
-1.2135
-1.2400
-1.2807
-1.2839
-1.3266
-1.3417
-1.4438
-1.4820
-1.4852
-1.4113
-1.4535
-1.5062
-1.5955
-1.6782
-1.7120
-1.7674
-1.8450
-1.9133
-1.9221
-1.9921
-2.0118
-2.0358
-2.0315
-2.0718
-2.1024
-2.1567
-2.1538
-2.1418
-2.1732
-2.2396
-2.3038
-2.3752
-2.3637
-2.3516
-2.4155
-2.4448
-2.4391
-2.4208
-2.4425
-2.4198
-2.4254
-2.4290
-2.4627
-2.4434
-2.3958
-2.4048
-2.3756
-2.3948
-2.3828
-2.4100
-2.3690
-2.3559
-2.4024
-2.3975
-2.3475
-2.3638
-2.3253
-2.3094
-2.2924
-2.3115
-2.2758
-2.2712
-2.2528
-2.2582
-2.2277
-2.1426
-2.1407
-2.1377
-2.1239
-2.1259
-2.1263
-2.1277
-2.1039
-2.0585
-1.9824
-1.9293
-1.9175
-1.9399
-1.9792
-1.9491
-1.8858
-1.8368
-1.8208
-1.8128
-1.7691
-1.7230
-1.7543
-1.7391
-1.6914
-1.6811
-1.7241
-1.6747
-1.6142
-1.6230
-1.6186
-1.5935
-1.5882
-1.5571
-1.5893
-1.5780
-1.5759
-1.5900
-1.5572
-1.5712
-1.5684
-1.5547
-1.5847
-1.5724
-1.5421
-1.5408
-1.5426
-1.5276
-1.5459
-1.5333
-1.5145
-1.5193
-1.5406
-1.5955
-1.5712
-1.5792
-1.6098
-1.5712
-1.5313
-1.5532
-1.5354
-1.4954
-1.5102
-1.5717
-1.5863
-1.5709
-1.5391
-1.5653
-1.5873
-1.5646
-1.5438
-1.5202
-1.5147
-1.5546
-1.5530
-1.4993
-1.4175
-1.3899
-1.3876
-1.3666
-1.3354
-1.3072
-1.3195
-1.3202
-1.2792
-1.2547
-1.2353
-1.2350
-1.2427
-1.1728
-1.1121
-1.0853
-1.1238
-1.1369
-1.1107
-1.1161
-1.0759
-1.0365
-0.9946
-0.9502
-0.9792
-0.9749
-0.8882
-0.8037
-0.8064
-0.8328
-0.8334
-0.8046
-0.7431
-0.7761
-0.7800
-0.7191
-0.6883
-0.6347
-0.5915
-0.5728
-0.5296
-0.5136
-0.5314
-0.4682
-0.3885
-0.3823
-0.3951
-0.3140
-0.2994
-0.2762
-0.3279
-0.3234
-0.2790
-0.2251
-0.1872
-0.2170
-0.2163
-0.1836
-0.1802
-0.1329
-0.0244
0.0165
0.0911
0.1439
0.1941
0.2151
0.2617
0.2949
0.3182
0.3563
0.3764
0.3400
0.3591
0.3601
0.3493
0.3074
0.2680
0.2155
0.1998
0.1730
0.0683
0.0662
0.0359
0.0095
0.0081
-0.0269
-0.1120
-0.1363
-0.1880
-0.1862
-0.2983
-0.3867
-0.4278
-0.4883
-0.5140
-0.5830
-0.6581
-0.6658
-0.6415
-0.6885
-0.7768
-0.8204
-0.8721
-0.8844
-0.8819
-0.8825
-0.9000
-0.9249
-0.9201
-0.8839
-0.8477
-0.8145
-0.8089
-0.7912
-0.7609
-0.6935
-0.6672
-0.6168
-0.5360
-0.4642
-0.4198
-0.4008
-0.3393
-0.2582
-0.2139
-0.1114
0.0159
0.0869
0.1367
0.2353
0.2876
0.3557
0.4347
0.4885
0.5267
0.6008
0.6539
0.7472
0.8302
0.8577
0.9751
1.1058
1.1788
1.2811
1.3332
1.4048
1.4975
1.5649
1.6365
1.7488
1.8598
2.0001
2.0845
2.1317
2.2228
2.3254
2.4407
2.5752
2.6413
2.7083
2.8406
2.9268
3.0587
3.1323
3.2367
3.3265
3.4152
3.4950
3.5800
3.6871
3.7858
3.8499
3.9636
4.0436
4.0775
// ADCData
0.0000
1.0000
0.9583
0.4375
0.8125
0.5417
0.4792
0.3333
0.3750
0.5000
0.3958
0.3333
0.3125
0.1875
0.1667
0.1042
0.1458
0.1250
0.1042
0.1042
0.1875
0.1458
0.4375
0.6875
0.4375
0.3542
0.3333
0.2500
0.3333
0.2708
0.2917
0.3333
0.3125
0.3958
0.3333
0.4583
0.5417
0.3333
0.2917
0.3125
0.2917
0.2708
0.3125
1.2083
0.9375
1.3542
0.7917
1.0208
1.0417
1.7083
2.0000
1.2500
2.1667
1.6458
2.1667
1.4792
1.5208
2.4792
1.1250
0.7083
0.7708
1.1667
1.4167
2.2708
2.1667
1.9583
1.6667
2.6875
2.6875
4.0000
3.4583
3.2292
4.4167
2.1667
1.8333
1.0208
1.2500
1.2292
0.7917
1.5417
1.7083
0.7292
1.1250
1.1875
1.1458
1.2292
1.6250
1.0417
1.1458
0.5833
0.8125
1.3750
1.0417
1.0625
0.5625
0.3125
0.3542
0.5000
0.1458
0.1875
0.4583
// BACData
0.0000
1.0000
1.9583
2.3958
3.2083
3.7500
4.2292
4.5625
4.9375
5.4375
5.8333
6.1667
6.4792
6.6667
6.8333
6.9375
7.0833
7.2083
7.3125
7.4167
7.6042
7.7500
8.1875
8.8750
9.3125
9.6667
10.0000
10.2500
10.5833
10.8542
11.1458
11.4792
11.7917
12.1875
12.5208
12.9792
13.5208
13.8542
14.1458
14.4583
14.7500
15.0208
15.3333
16.5417
17.4792
18.8333
19.6250
20.6458
21.6875
23.3958
25.3958
26.6458
28.8125
30.4583
32.6250
34.1042
35.6250
38.1042
39.2292
39.9375
40.7083
41.8750
43.2917
45.5625
47.7292
49.6875
51.3542
54.0417
56.7292
60.7292
64.1875
67.4167
71.8333
74.0000
75.8333
76.8542
78.1042
79.3333
80.1250
81.6667
83.3750
84.1042
85.2292
86.4167
87.5625
88.7917
90.4167
91.4583
92.6042
93.1875
94.0000
95.3750
96.4167
97.4792
98.0417
98.3542
98.7083
99.2083
99.3542
99.5417
100.0000
