// Header
Version;SJ-210 V.1.100
Date;2026/02/17,13:41:01
Mode;ALL
// Condition
Standard;ISO1997
Profile;R
Filter;GAUSS
Lc;0.08;mm
Ls;2.5;um
N;6
Pre_Length;OFF
Speed;0.5
Range;AUTO
GO/NG;Average
Pitch;0.5;um
// CalcResult
Ra;0.010;um;;
Rq;0.013;um;;
Rz;0.062;um;;
// CalcData
960
Z
-0.0054
-0.0089
-0.0162
-0.0159
-0.0080
0.0042
0.0152
0.0274
0.0315
0.0297
0.0228
0.0125
0.0011
-0.0044
-0.0051
-0.0034
-0.0008
-0.0008
-0.0013
-0.0005
-0.0007
0.0035
0.0059
0.0101
0.0104
0.0058
-0.0038
-0.0143
-0.0172
-0.0152
-0.0073
-0.0001
0.0014
-0.0028
-0.0073
-0.0144
-0.0172
-0.0203
-0.0192
-0.0203
-0.0193
-0.0154
-0.0087
0.0029
0.0120
0.0128
0.0104
0.0028
-0.0053
-0.0067
-0.0052
-0.0023
0.0010
0.0023
0.0015
0.0024
0.0026
0.0032
-0.0002
-0.0002
-0.0022
-0.0037
-0.0072
-0.0052
-0.0045
-0.0014
0.0002
0.0003
0.0011
0.0009
0.0036
0.0055
0.0024
-0.0009
-0.0027
-0.0014
0.0001
-0.0003
0.0029
0.0032
0.0090
0.0140
0.0185
0.0155
0.0094
0.0027
-0.0001
-0.0003
0.0007
0.0003
-0.0043
-0.0087
-0.0138
-0.0185
-0.0137
-0.0073
0.0003
0.0029
0.0069
0.0035
-0.0025
-0.0128
-0.0178
-0.0138
-0.0053
0.0022
0.0053
0.0071
0.0097
0.0151
0.0277
0.0354
0.0350
0.0264
0.0145
0.0042
-0.0027
-0.0059
-0.0081
-0.0078
-0.0025
0.0022
-0.0008
-0.0033
-0.0087
-0.0117
-0.0141
-0.0167
-0.0240
-0.0346
-0.0391
-0.0352
-0.0260
-0.0120
-0.0028
0.0017
0.0001
-0.0045
-0.0107
-0.0071
0.0045
0.0123
0.0167
0.0184
0.0193
0.0211
0.0220
0.0293
0.0342
0.0286
0.0193
0.0070
-0.0022
-0.0053
-0.0053
-0.0058
-0.0061
-0.0068
-0.0094
-0.0140
-0.0131
-0.0092
-0.0060
-0.0015
0.0043
0.0074
0.0045
-0.0032
-0.0087
-0.0185
-0.0251
-0.0290
-0.0277
-0.0249
-0.0165
-0.0032
0.0096
0.0232
0.0305
0.0325
0.0299
0.0195
0.0061
-0.0007
-0.0019
0.0034
0.0081
0.0108
0.0115
0.0045
-0.0059
-0.0125
-0.0139
-0.0090
0.0026
0.0099
0.0148
0.0156
0.0106
0.0011
-0.0047
-0.0049
-0.0026
0.0008
-0.0006
0.0002
0.0026
0.0021
-0.0019
-0.0052
-0.0040
0.0012
0.0071
0.0080
0.0065
0.0035
-0.0021
-0.0048
-0.0065
-0.0014
0.0044
0.0092
0.0137
0.0107
0.0035
-0.0077
-0.0175
-0.0222
-0.0185
-0.0073
0.0010
0.0048
0.0039
0.0019
-0.0008
-0.0047
-0.0044
-0.0033
-0.0017
-0.0043
-0.0081
-0.0111
-0.0126
-0.0136
-0.0171
-0.0266
-0.0278
-0.0231
-0.0096
0.0033
0.0183
0.0262
0.0308
0.0304
0.0227
0.0140
0.0104
0.0136
0.0177
0.0194
0.0152
0.0053
-0.0073
-0.0168
-0.0201
-0.0105
0.0051
0.0202
0.0260
0.0241
0.0113
-0.0038
-0.0112
-0.0142
-0.0142
-0.0125
-0.0118
-0.0119
-0.0136
-0.0194
-0.0260
-0.0309
-0.0258
-0.0106
0.0008
0.0068
0.0000
-0.0066
-0.0141
-0.0170
-0.0139
-0.0082
-0.0031
0.0040
0.0098
0.0116
0.0130
0.0161
0.0158
0.0184
0.0234
0.0240
0.0228
0.0212
0.0203
0.0206
0.0210
0.0136
0.0009
-0.0107
-0.0165
-0.0181
-0.0163
-0.0116
-0.0074
-0.0054
-0.0076
-0.0117
-0.0142
-0.0162
-0.0113
-0.0008
0.0100
0.0135
0.0156
0.0113
0.0020
-0.0025
0.0010
0.0060
0.0112
0.0173
0.0209
0.0200
0.0164
0.0141
0.0107
0.0075
0.0066
0.0052
0.0071
0.0097
0.0068
0.0019
-0.0054
-0.0166
-0.0269
-0.0324
-0.0339
-0.0309
-0.0297
-0.0237
-0.0115
0.0027
0.0115
0.0164
0.0115
0.0005
-0.0141
-0.0247
-0.0287
-0.0234
-0.0153
-0.0061
0.0003
0.0091
0.0178
0.0141
0.0060
-0.0001
-0.0064
-0.0069
-0.0067
0.0027
0.0148
0.0240
0.0253
0.0153
0.0059
0.0002
-0.0009
-0.0002
0.0002
-0.0001
-0.0027
-0.0024
-0.0021
0.0005
0.0032
0.0071
0.0110
0.0115
0.0109
0.0074
0.0053
0.0045
0.0031
0.0013
-0.0011
-0.0017
-0.0068
-0.0164
-0.0207
-0.0215
-0.0172
-0.0145
-0.0182
-0.0270
-0.0367
-0.0370
-0.0310
-0.0198
-0.0052
0.0100
0.0186
0.0237
0.0247
0.0200
0.0161
0.0088
0.0010
-0.0037
-0.0041
0.0008
0.0059
0.0077
0.0047
0.0015
0.0049
0.0143
0.0262
0.0352
0.0348
0.0265
0.0051
-0.0135
-0.0165
-0.0096
0.0028
0.0159
0.0238
0.0217
0.0153
0.0027
-0.0056
-0.0062
-0.0034
-0.0008
0.0033
0.0030
-0.0029
-0.0102
-0.0146
-0.0158
-0.0184
-0.0198
-0.0195
-0.0185
-0.0145
-0.0064
0.0009
0.0034
0.0026
-0.0002
0.0011
-0.0033
-0.0054
-0.0068
-0.0078
-0.0099
-0.0105
-0.0068
-0.0080
-0.0054
-0.0016
-0.0028
-0.0051
-0.0108
-0.0168
-0.0142
-0.0048
0.0067
0.0124
0.0110
0.0064
0.0016
0.0020
0.0053
0.0137
0.0244
0.0276
0.0200
0.0077
-0.0039
-0.0109
-0.0087
0.0026
0.0132
0.0206
0.0255
0.0228
0.0180
0.0151
0.0126
0.0108
0.0010
-0.0079
-0.0169
-0.0210
-0.0196
-0.0097
-0.0003
0.0067
0.0107
0.0037
-0.0077
-0.0165
-0.0189
-0.0185
-0.0162
-0.0136
-0.0121
-0.0111
-0.0088
-0.0069
0.0006
0.0122
0.0175
0.0211
0.0248
0.0239
0.0254
0.0238
0.0220
0.0176
0.0104
0.0036
-0.0039
-0.0122
-0.0204
-0.0280
-0.0300
-0.0262
-0.0198
-0.0069
0.0057
0.0130
0.0184
0.0192
0.0154
0.0051
-0.0048
-0.0081
-0.0136
-0.0164
-0.0125
-0.0060
-0.0008
-0.0006
-0.0082
-0.0139
-0.0185
-0.0177
-0.0156
-0.0157
-0.0112
-0.0051
-0.0051
-0.0074
-0.0111
-0.0122
-0.0046
0.0059
0.0194
0.0307
0.0314
0.0282
0.0191
0.0106
0.0077
0.0086
0.0099
0.0072
0.0087
0.0146
0.0169
0.0176
0.0156
0.0111
0.0073
-0.0024
-0.0096
-0.0135
-0.0197
-0.0237
-0.0215
-0.0173
-0.0145
-0.0100
-0.0073
-0.0052
-0.0027
-0.0031
-0.0065
-0.0076
-0.0046
-0.0009
0.0081
0.0174
0.0235
0.0171
0.0069
-0.0044
-0.0091
-0.0060
0.0009
0.0063
0.0098
0.0078
0.0043
-0.0003
-0.0054
-0.0089
-0.0095
-0.0121
-0.0120
-0.0090
-0.0006
0.0025
0.0022
-0.0044
-0.0086
-0.0124
-0.0147
-0.0146
-0.0061
0.0002
0.0032
0.0069
0.0062
0.0106
0.0142
0.0148
0.0164
0.0110
0.0045
0.0020
-0.0015
-0.0028
-0.0011
0.0007
-0.0002
-0.0028
-0.0051
-0.0044
0.0004
0.0058
0.0150
0.0169
0.0151
0.0111
-0.0011
-0.0096
-0.0128
-0.0119
-0.0100
-0.0047
0.0024
0.0078
0.0120
0.0132
0.0062
-0.0049
-0.0132
-0.0147
-0.0080
-0.0019
0.0054
0.0073
0.0000
-0.0069
-0.0082
-0.0090
-0.0156
-0.0189
-0.0170
-0.0119
-0.0067
-0.0042
-0.0068
-0.0090
-0.0120
-0.0127
-0.0096
-0.0066
-0.0023
0.0014
0.0060
0.0042
0.0042
0.0046
0.0089
0.0089
0.0106
0.0136
0.0160
0.0113
0.0022
-0.0045
-0.0082
-0.0091
-0.0043
0.0020
0.0086
0.0123
0.0084
0.0072
0.0052
0.0056
0.0063
0.0044
0.0053
0.0040
0.0005
-0.0007
0.0074
0.0130
0.0210
0.0243
0.0187
0.0048
-0.0039
-0.0076
-0.0038
0.0028
0.0073
0.0122
0.0129
0.0069
-0.0041
-0.0115
-0.0141
-0.0149
-0.0089
0.0000
0.0037
0.0060
0.0053
0.0044
0.0012
0.0000
0.0007
0.0045
0.0030
-0.0009
-0.0075
-0.0150
-0.0214
-0.0224
-0.0211
-0.0168
-0.0114
-0.0031
0.0008
0.0054
0.0095
0.0118
0.0110
0.0071
-0.0023
-0.0096
-0.0144
-0.0125
-0.0093
-0.0095
-0.0065
-0.0021
0.0003
0.0002
0.0011
-0.0031
-0.0047
-0.0032
-0.0048
-0.0018
0.0071
0.0105
0.0131
0.0114
0.0095
0.0059
0.0023
0.0004
-0.0021
-0.0027
-0.0034
-0.0015
-0.0017
-0.0053
-0.0121
-0.0163
-0.0131
-0.0048
0.0037
0.0102
0.0140
0.0099
0.0047
0.0023
0.0042
0.0062
0.0096
0.0080
0.0053
0.0008
-0.0043
-0.0057
-0.0053
-0.0061
-0.0093
-0.0119
-0.0105
-0.0103
-0.0123
-0.0087
0.0014
0.0092
0.0119
0.0078
0.0032
-0.0017
-0.0024
-0.0014
0.0023
0.0068
0.0092
0.0098
0.0056
0.0020
-0.0025
-0.0051
-0.0043
-0.0016
0.0008
0.0071
0.0087
0.0071
-0.0032
-0.0145
-0.0234
-0.0227
-0.0104
0.0073
0.0229
0.0281
0.0244
0.0193
0.0128
0.0100
0.0119
0.0159
0.0182
0.0126
0.0046
-0.0018
-0.0051
-0.0101
-0.0136
-0.0149
-0.0205
-0.0266
-0.0247
-0.0186
-0.0133
-0.0045
0.0026
0.0056
0.0031
-0.0072
-0.0155
-0.0176
-0.0124
-0.0064
0.0008
0.0071
0.0147
0.0212
0.0241
0.0220
0.0146
0.0045
0.0022
0.0080
0.0183
0.0221
0.0157
0.0021
-0.0106
-0.0163
-0.0160
-0.0115
-0.0081
-0.0032
-0.0034
-0.0078
-0.0067
-0.0051
0.0000
0.0056
0.0118
0.0161
0.0167
0.0128
0.0005
-0.0081
-0.0124
-0.0135
-0.0079
-0.0023
0.0073
0.0157
0.0167
0.0172
0.0124
0.0053
0.0034
0.0091
0.0164
0.0232
0.0227
0.0168
0.0048
-0.0069
-0.0140
-0.0176
-0.0166
-0.0105
-0.0041
-0.0039
-0.0100
-0.0157
-0.0160
-0.0115
-0.0061
-0.0017
0.0028
0.0046
0.0035
0.0007
-0.0008
-0.0026
-0.0018
-0.0036
-0.0033
-0.0050
-0.0005
0.0055
0.0089
0.0115
0.0109
// ADCData
0.0000
0.4167
0.1042
0.0000
0.1042
0.0000
0.2083
0.4167
0.2083
0.1042
0.3125
0.3125
0.0000
0.5208
0.3125
0.5208
0.8333
0.7292
0.6250
0.2083
0.9375
0.5208
0.8333
0.6250
0.8333
0.7292
1.1458
1.1458
1.3542
0.9375
0.8333
1.3542
1.1458
1.8750
1.5625
1.7708
1.2500
0.8333
2.2917
1.7708
1.9792
2.0833
2.7083
1.6667
2.3958
2.8125
1.0417
3.1250
3.4375
2.0833
1.9792
2.2917
2.7083
1.6667
2.8125
3.0208
1.4583
2.2917
1.8750
1.6667
1.8750
1.5625
1.3542
1.1458
1.8750
1.2500
1.3542
2.0833
1.0417
0.9375
1.7708
1.2500
0.6250
1.0417
0.5208
0.8333
0.4167
0.3125
0.2083
0.4167
0.3125
0.3125
0.1042
0.4167
0.4167
0.2083
0.1042
0.2083
0.2083
0.0000
0.3125
0.0000
0.1042
0.0000
0.1042
0.2083
0.0000
0.1042
0.1042
0.0000
0.1042
// BACData
0.0000
0.4167
0.5208
0.5208
0.6250
0.6250
0.8333
1.2500
1.4583
1.5625
1.8750
2.1875
2.1875
2.7083
3.0208
3.5417
4.3750
5.1042
5.7292
5.9375
6.8750
7.3958
8.2292
8.8542
9.6875
10.4167
11.5625
12.7083
14.0625
15.0000
15.8333
17.1875
18.3333
20.2083
21.7708
23.5417
24.7917
25.6250
27.9167
29.6875
31.6667
33.7500
36.4583
38.1250
40.5208
43.3333
44.3750
47.5000
50.9375
53.0208
55.0000
57.2917
60.0000
61.6667
64.4792
67.5000
68.9583
71.2500
73.1250
74.7917
76.6667
78.2292
79.5833
80.7292
82.6042
83.8542
85.2083
87.2917
88.3333
89.2708
91.0417
92.2917
92.9167
93.9583
94.4792
95.3125
95.7292
96.0417
96.2500
96.6667
96.9792
97.2917
97.3958
97.8125
98.2292
98.4375
98.5417
98.7500
98.9583
98.9583
99.2708
99.2708
99.3750
99.3750
99.4792
99.6875
99.6875
99.7917
99.8958
99.8958
100.0000
