// Header
Version;SJ-210 V.1.100
Date;2026/02/17,13:44:08
Mode;ALL
// Condition
Standard;ISO1997
Profile;R
Filter;GAUSS
Lc;0.08;mm
Ls;2.5;um
N;6
Pre_Length;OFF
Speed;0.5
Range;AUTO
GO/NG;Average
Pitch;0.5;um
// CalcResult
Ra;0.010;um;;
Rq;0.012;um;;
Rz;0.056;um;;
// CalcData
960
Z
-0.0093
-0.0177
-0.0266
-0.0317
-0.0273
-0.0223
-0.0135
-0.0045
-0.0004
0.0042
0.0044
0.0067
0.0075
0.0107
0.0099
0.0137
0.0169
0.0152
0.0092
0.0051
0.0047
0.0061
0.0124
0.0187
0.0214
0.0213
0.0167
0.0109
0.0007
-0.0014
0.0020
0.0031
0.0054
0.0030
-0.0043
-0.0134
-0.0147
-0.0154
-0.0120
-0.0086
-0.0069
-0.0087
-0.0120
-0.0139
-0.0147
-0.0063
0.0058
0.0179
0.0213
0.0183
0.0131
0.0072
-0.0015
-0.0117
-0.0179
-0.0128
-0.0042
0.0076
0.0139
0.0148
0.0085
0.0010
-0.0015
-0.0033
0.0014
0.0093
0.0135
0.0177
0.0163
0.0075
-0.0006
-0.0069
-0.0109
-0.0103
-0.0085
-0.0051
-0.0054
-0.0110
-0.0192
-0.0219
-0.0183
-0.0148
-0.0108
-0.0090
-0.0077
-0.0093
-0.0056
-0.0030
0.0002
0.0012
0.0040
0.0096
0.0080
0.0050
0.0020
-0.0028
-0.0070
-0.0088
-0.0064
-0.0032
-0.0003
0.0006
-0.0055
-0.0103
-0.0097
-0.0062
0.0015
0.0072
0.0143
0.0139
0.0107
0.0035
-0.0057
-0.0104
-0.0098
-0.0056
0.0001
0.0038
0.0060
0.0067
0.0090
0.0092
0.0043
-0.0028
-0.0066
-0.0048
0.0010
0.0092
0.0081
0.0022
-0.0026
-0.0120
-0.0106
-0.0047
0.0068
0.0147
0.0182
0.0204
0.0187
0.0146
0.0086
0.0069
0.0111
0.0132
0.0143
0.0138
0.0103
0.0034
-0.0035
-0.0104
-0.0138
-0.0154
-0.0196
-0.0208
-0.0155
-0.0099
-0.0040
0.0004
0.0068
0.0099
0.0047
-0.0019
-0.0059
-0.0052
-0.0015
0.0044
0.0061
0.0031
-0.0019
-0.0078
-0.0104
-0.0067
-0.0028
0.0022
0.0104
0.0073
0.0018
-0.0061
-0.0108
-0.0089
-0.0113
-0.0141
-0.0146
-0.0178
-0.0218
-0.0222
-0.0105
0.0012
0.0132
0.0199
0.0201
0.0110
0.0008
-0.0063
-0.0065
-0.0025
0.0039
0.0131
0.0240
0.0307
0.0308
0.0270
0.0200
0.0158
0.0116
0.0106
0.0067
0.0024
-0.0003
-0.0060
-0.0051
0.0012
0.0114
0.0115
0.0061
-0.0037
-0.0116
-0.0114
-0.0119
-0.0110
-0.0085
-0.0101
-0.0121
-0.0134
-0.0112
-0.0069
-0.0017
0.0022
0.0046
0.0105
0.0134
0.0150
0.0106
0.0097
0.0027
0.0017
-0.0022
-0.0047
-0.0044
-0.0033
-0.0015
-0.0025
-0.0013
0.0007
0.0055
0.0087
0.0109
0.0079
0.0013
-0.0084
-0.0166
-0.0208
-0.0219
-0.0167
-0.0055
0.0025
0.0098
0.0113
0.0067
0.0008
-0.0085
-0.0144
-0.0177
-0.0179
-0.0113
-0.0040
0.0043
0.0105
0.0081
0.0040
-0.0037
-0.0129
-0.0229
-0.0305
-0.0300
-0.0238
-0.0195
-0.0142
-0.0097
-0.0118
-0.0121
-0.0119
-0.0129
-0.0048
0.0067
0.0137
0.0164
0.0150
0.0091
-0.0031
-0.0109
-0.0134
-0.0080
-0.0013
0.0119
0.0212
0.0241
0.0190
0.0102
-0.0015
-0.0113
-0.0154
-0.0103
-0.0020
0.0091
0.0202
0.0260
0.0242
0.0213
0.0137
0.0088
0.0075
0.0066
0.0020
-0.0113
-0.0258
-0.0322
-0.0287
-0.0170
-0.0001
0.0141
0.0165
0.0154
0.0125
0.0099
0.0117
0.0165
0.0217
0.0262
0.0238
0.0135
0.0034
-0.0074
-0.0144
-0.0180
-0.0167
-0.0120
-0.0080
-0.0103
-0.0124
-0.0108
-0.0071
-0.0010
0.0035
0.0098
0.0145
0.0170
0.0181
0.0128
0.0045
-0.0032
-0.0064
-0.0036
-0.0017
-0.0051
-0.0057
-0.0072
-0.0082
-0.0097
-0.0111
-0.0088
-0.0117
-0.0109
-0.0074
-0.0002
0.0019
-0.0015
-0.0079
-0.0154
-0.0173
-0.0132
-0.0043
0.0048
0.0107
0.0134
0.0076
0.0035
0.0030
0.0080
0.0156
0.0217
0.0227
0.0194
0.0121
0.0024
-0.0041
-0.0040
0.0020
0.0086
0.0170
0.0233
0.0266
0.0253
0.0230
0.0223
0.0241
0.0252
0.0221
0.0100
-0.0016
-0.0124
-0.0208
-0.0193
-0.0137
-0.0117
-0.0106
-0.0142
-0.0163
-0.0159
-0.0112
-0.0083
-0.0105
-0.0133
-0.0197
-0.0257
-0.0307
-0.0258
-0.0157
0.0001
0.0117
0.0171
0.0133
0.0054
-0.0009
-0.0062
-0.0060
-0.0066
-0.0060
-0.0051
-0.0032
-0.0016
0.0017
0.0052
0.0093
0.0140
0.0202
0.0219
0.0238
0.0196
0.0099
0.0024
-0.0001
-0.0037
-0.0052
-0.0023
0.0022
0.0064
0.0078
0.0112
0.0085
0.0042
0.0022
0.0000
0.0004
0.0019
0.0032
0.0046
-0.0005
-0.0035
-0.0018
-0.0035
-0.0012
0.0023
0.0054
0.0029
-0.0014
-0.0012
0.0008
0.0078
0.0122
0.0168
0.0121
0.0019
-0.0078
-0.0206
-0.0287
-0.0328
-0.0289
-0.0229
-0.0163
-0.0072
-0.0014
-0.0031
-0.0084
-0.0094
-0.0063
-0.0014
-0.0025
-0.0077
-0.0139
-0.0172
-0.0170
-0.0115
-0.0069
0.0051
0.0190
0.0256
0.0236
0.0139
0.0040
-0.0066
-0.0106
-0.0108
-0.0070
-0.0055
-0.0029
-0.0019
-0.0040
-0.0078
-0.0053
-0.0028
-0.0006
0.0012
0.0061
0.0133
0.0126
0.0095
0.0082
-0.0014
-0.0120
-0.0217
-0.0217
-0.0174
-0.0092
-0.0014
0.0050
0.0083
0.0080
0.0101
0.0093
0.0045
0.0023
-0.0009
-0.0012
-0.0011
-0.0004
0.0018
0.0034
0.0010
0.0021
0.0023
0.0010
0.0071
0.0118
0.0128
0.0092
0.0024
0.0018
0.0044
0.0027
-0.0026
-0.0109
-0.0150
-0.0064
0.0048
0.0161
0.0234
0.0190
0.0092
-0.0046
-0.0101
-0.0124
-0.0065
-0.0023
0.0005
0.0032
0.0028
0.0066
0.0066
0.0024
-0.0009
-0.0061
-0.0061
-0.0076
-0.0113
-0.0133
-0.0142
-0.0071
-0.0006
0.0080
0.0149
0.0147
0.0072
-0.0026
-0.0072
-0.0084
-0.0007
0.0061
0.0104
0.0106
0.0132
0.0116
0.0079
0.0074
0.0015
-0.0023
-0.0066
-0.0055
-0.0039
-0.0028
-0.0017
0.0048
0.0088
0.0108
0.0069
-0.0012
-0.0072
-0.0065
0.0004
0.0042
0.0054
0.0014
-0.0063
-0.0117
-0.0143
-0.0113
-0.0057
-0.0007
0.0078
0.0131
0.0198
0.0248
0.0196
0.0114
0.0017
-0.0077
-0.0158
-0.0180
-0.0127
-0.0057
-0.0021
-0.0026
-0.0077
-0.0144
-0.0186
-0.0228
-0.0235
-0.0166
-0.0071
0.0052
0.0129
0.0152
0.0074
-0.0047
-0.0129
-0.0141
-0.0106
-0.0053
-0.0004
0.0037
0.0042
0.0028
0.0047
0.0053
-0.0005
-0.0098
-0.0188
-0.0249
-0.0232
-0.0173
-0.0085
0.0024
0.0144
0.0202
0.0222
0.0185
0.0145
0.0061
-0.0005
-0.0036
0.0010
0.0070
0.0153
0.0261
0.0316
0.0324
0.0301
0.0249
0.0207
0.0157
0.0084
0.0004
-0.0027
-0.0075
-0.0119
-0.0088
-0.0052
-0.0032
-0.0070
-0.0114
-0.0188
-0.0236
-0.0224
-0.0178
-0.0102
-0.0072
-0.0071
-0.0063
-0.0056
-0.0055
-0.0025
0.0054
0.0116
0.0166
0.0175
0.0115
0.0045
0.0001
0.0024
0.0032
0.0025
0.0047
0.0011
0.0006
-0.0007
-0.0036
-0.0068
-0.0049
-0.0004
0.0015
0.0046
0.0045
0.0021
-0.0051
-0.0101
-0.0168
-0.0213
-0.0222
-0.0170
-0.0117
-0.0063
0.0007
0.0070
0.0066
0.0067
0.0034
0.0025
0.0026
0.0064
0.0149
0.0230
0.0247
0.0207
0.0168
0.0100
0.0014
-0.0073
-0.0114
-0.0173
-0.0153
-0.0128
-0.0101
-0.0069
-0.0091
-0.0094
-0.0100
-0.0067
-0.0063
-0.0008
0.0037
0.0097
0.0131
0.0152
0.0125
0.0078
0.0027
0.0012
0.0019
0.0047
0.0076
0.0142
0.0209
0.0267
0.0273
0.0200
0.0068
-0.0037
-0.0119
-0.0177
-0.0142
-0.0070
0.0033
0.0053
-0.0006
-0.0046
-0.0104
-0.0159
-0.0195
-0.0189
-0.0141
-0.0104
-0.0083
-0.0074
-0.0020
0.0038
0.0026
0.0032
0.0043
0.0062
0.0052
0.0054
0.0033
0.0000
-0.0019
-0.0022
0.0005
0.0115
0.0217
0.0201
0.0178
0.0167
0.0081
-0.0030
-0.0118
-0.0211
-0.0259
-0.0232
-0.0224
-0.0200
-0.0174
-0.0109
-0.0034
-0.0022
-0.0012
-0.0001
-0.0011
-0.0002
0.0042
0.0084
0.0078
0.0019
-0.0029
-0.0037
-0.0063
-0.0078
-0.0058
-0.0038
-0.0011
-0.0042
-0.0072
-0.0103
-0.0119
-0.0063
0.0053
0.0141
0.0213
0.0213
0.0136
0.0016
-0.0109
-0.0142
-0.0143
-0.0109
-0.0047
0.0062
0.0081
0.0072
0.0049
0.0058
0.0075
0.0117
0.0132
0.0151
0.0118
0.0075
0.0051
-0.0017
-0.0114
-0.0165
-0.0176
-0.0110
-0.0054
0.0007
0.0023
-0.0004
-0.0033
-0.0050
-0.0055
-0.0055
-0.0048
-0.0011
0.0061
0.0119
0.0185
0.0202
0.0191
0.0167
0.0125
0.0097
0.0073
0.0073
0.0048
0.0001
-0.0041
-0.0069
-0.0103
-0.0129
-0.0150
-0.0210
-0.0235
-0.0209
-0.0186
-0.0158
-0.0182
-0.0174
-0.0121
-0.0040
0.0043
0.0095
0.0065
0.0043
0.0004
-0.0001
-0.0006
0.0033
0.0131
0.0237
0.0284
0.0280
0.0191
0.0105
0.0072
0.0130
0.0198
0.0248
0.0218
0.0085
-0.0063
-0.0207
-0.0269
-0.0233
-0.0197
-0.0159
-0.0156
-0.0175
-0.0166
-0.0138
-0.0140
-0.0141
-0.0146
-0.0132
-0.0071
0.0010
0.0063
0.0095
0.0120
0.0145
0.0119
0.0076
0.0060
0.0073
0.0085
0.0089
0.0108
0.0105
0.0090
0.0061
-0.0004
-0.0081
-0.0133
// ADCData
0.0000
0.1042
0.1042
0.2083
0.1042
0.0000
0.0000
0.2083
0.1042
0.3125
0.3125
0.3125
0.4167
0.4167
0.6250
0.3125
0.3125
1.0417
0.5208
0.9375
0.6250
0.7292
0.5208
0.4167
0.6250
0.9375
0.3125
1.1458
1.0417
1.2500
1.6667
0.8333
1.5625
0.9375
1.7708
1.3542
1.5625
1.3542
1.6667
2.3958
1.9792
1.4583
1.8750
2.0833
1.7708
1.7708
1.7708
2.8125
1.6667
1.9792
1.5625
2.2917
2.7083
1.4583
1.8750
1.7708
1.9792
1.5625
1.3542
2.0833
2.8125
2.5000
1.5625
1.2500
1.0417
0.9375
2.2917
1.8750
2.3958
1.1458
0.9375
1.2500
1.5625
0.7292
1.0417
0.6250
0.9375
1.2500
0.8333
0.5208
0.7292
0.1042
0.7292
0.3125
0.7292
0.5208
0.6250
0.1042
0.1042
0.0000
0.4167
0.2083
0.1042
0.0000
0.3125
0.0000
0.1042
0.2083
0.0000
0.1042
0.2083
// BACData
0.0000
0.1042
0.2083
0.4167
0.5208
0.5208
0.5208
0.7292
0.8333
1.1458
1.4583
1.7708
2.1875
2.6042
3.2292
3.5417
3.8542
4.8958
5.4167
6.3542
6.9792
7.7083
8.2292
8.6458
9.2708
10.2083
10.5208
11.6667
12.7083
13.9583
15.6250
16.4583
18.0208
18.9583
20.7292
22.0833
23.6458
25.0000
26.6667
29.0625
31.0417
32.5000
34.3750
36.4583
38.2292
40.0000
41.7708
44.5833
46.2500
48.2292
49.7917
52.0833
54.7917
56.2500
58.1250
59.8958
61.8750
63.4375
64.7917
66.8750
69.6875
72.1875
73.7500
75.0000
76.0417
76.9792
79.2708
81.1458
83.5417
84.6875
85.6250
86.8750
88.4375
89.1667
90.2083
90.8333
91.7708
93.0208
93.8542
94.3750
95.1042
95.2083
95.9375
96.2500
96.9792
97.5000
98.1250
98.2292
98.3333
98.3333
98.7500
98.9583
99.0625
99.0625
99.3750
99.3750
99.4792
99.6875
99.6875
99.7917
100.0000
