Data that was left over in the code that i'm not sure if i will need, cleaning code so it's easier to read, but should probably keep this



#using constant over region to give a better smoothed signal, will plot both together with chainlinked for 'more smoothed' data

#idk where this data was collected from but probably shouldn't delete it lol
#smoothregions  = [[0,25],[28,57],[59,73],[75,88],[91,99],[101,127],[127,146],[148,168],[170,196],[200,214],[216,242],[243,251],[253,256],[257,264],[265,271],[272,281],[282,290]]



#17th feb
#smoothregions = [[0.8,12.4],[16,38],[40,71],[73,97],[108,138],[143,172],[176,206],[214,243],[247,277],[290,326],[330,363],[365,395],[398,428],[437,472],[477,508],[511,542],[576,606],[609,643],[764,778],[793,812],[835,861],[866,895],[898,940],[946,971],[981,1010],[1013,1040],[1046,1076],[1080,1103],[1120,1152],[1159,1186],[1190,1219],[1221,1261],[1263,1300],[1303,1331],[1334,1365],[1367,1395],[1398,1451]]
#smoothregions = [[1.8,11],[13,24],[26,55],[57,86],[88,118],[120,148],[150,178],[181,208],[211,240],[243,271],[274,303],[306,331],[337,366],[368,396],[400,419],[421,451],[454,482],[485,514],[517,547],[548,580],[700,756],[760,784],[790,822],[828,848],[851,865],[868,897],[900,928],[930,960],[964,995],[998,1027],[1030,1080],[1083,1107],[1110,1140],[1145,1178],[1185,1209],[1214,1239],[1246,1270],[1278,1303],[1310,1340]]

